1,7,15,10,1
1,7,15,11,1
1,7,15,11,2
1,7,15,11,3
1,7,15,12,3
1,7,15,12,5,1
1,7,15,13,4
1,7,15,13,6,1
1,7,15,14,6,1
1,7,15,16,9,2
1,7,15,20,15,6,1
1,7,16,13,2
1,7,16,13,3
1,7,16,14,4
1,7,16,14,4
1,7,16,14,6,1
1,7,16,15,5
1,7,16,15,6,1
1,7,16,16,7,1
1,7,16,16,9,2
1,7,16,17,9,2
1,7,16,20,15,6,1
1,7,17,16,4
1,7,17,17,6
1,7,17,17,7,1
1,7,17,18,8,1
1,7,17,18,9,2
1,7,17,19,10,2
1,7,17,21,15,6,1
1,7,18,20,8
1,7,18,21,11,2
1,7,18,22,13,3
1,7,18,23,16,6,1
1,7,19,25,16,4
1,7,19,26,19,7,1
1,7,20,30,25,11,2
1,7,21,35,35,21,7,1
