1,8,21,20,5
1,8,21,21,6
1,8,21,21,7
1,8,21,21,7,1
1,8,21,21,8,1
1,8,21,22,8
1,8,21,22,8,1
1,8,21,22,9,1
1,8,21,22,10,2
1,8,21,22,11,2
1,8,21,23,9
1,8,21,23,11,2
1,8,21,23,11,2
1,8,21,23,13,3
1,8,21,24,12,2
1,8,21,24,13,3
1,8,21,24,16,6,1
1,8,21,26,16,4
1,8,21,26,17,6,1
1,8,21,26,19,7,1
1,8,21,27,19,7,1
1,8,21,30,25,11,2
1,8,21,35,35,21,7,1
1,8,22,24,8
1,8,22,24,9
1,8,22,24,9,1
1,8,22,25,10
1,8,22,25,11,1
1,8,22,25,11,2
1,8,22,25,12,2
1,8,22,25,13,3
1,8,22,26,12,1
1,8,22,26,13,2
1,8,22,26,13,2
1,8,22,26,14,3
1,8,22,26,17,6,1
1,8,22,27,15,3
1,8,22,27,16,4
1,8,22,27,17,6,1
1,8,22,27,19,7,1
1,8,22,28,17,4
1,8,22,28,19,7,1
1,8,22,29,20,7,1
1,8,22,30,25,11,2
1,8,22,31,25,11,2
1,8,22,35,35,21,7,1
1,8,23,28,12
1,8,23,28,13,2
1,8,23,29,15,2
1,8,23,29,16,3
1,8,23,29,16,4
1,8,23,30,18,4
1,8,23,30,18,4
1,8,23,30,20,7,1
1,8,23,31,20,5
1,8,23,31,21,7,1
1,8,23,32,23,8,1
1,8,23,32,25,11,2
1,8,23,33,26,11,2
1,8,23,36,35,21,7,1
1,8,24,32,16
1,8,24,33,20,4
1,8,24,34,23,6
1,8,24,34,24,8,1
1,8,24,35,26,9,1
1,8,24,35,27,11,2
1,8,24,36,29,12,2
1,8,24,38,36,21,7,1
1,8,25,38,28,8
1,8,25,39,32,13,2
1,8,25,40,35,16,3
1,8,25,41,39,22,7,1
1,8,26,44,41,20,4
1,8,26,45,45,26,8,1
1,8,27,50,55,36,13,2
1,8,28,56,70,56,28,8,1
