1,12,55,120,126,56,7
1,12,55,121,131,62,8
1,12,55,121,131,63,9
1,12,55,121,131,63,10
1,12,55,121,131,64,11
1,12,55,121,131,64,12,1
1,12,55,121,132,66,11
1,12,55,121,132,67,13
1,12,55,121,132,67,13,1
1,12,55,121,132,67,14,1
1,12,55,121,133,71,17,1
1,12,55,122,135,67,10
1,12,55,122,135,68,12
1,12,55,122,135,68,12,1
1,12,55,122,136,68,9
1,12,55,122,136,70,12
1,12,55,122,136,70,12
1,12,55,122,136,70,13,1
1,12,55,122,136,71,13
1,12,55,122,136,71,14
1,12,55,122,136,71,14,1
1,12,55,122,136,72,16,1
1,12,55,122,137,72,13
1,12,55,122,137,73,14
1,12,55,122,137,73,14
1,12,55,122,137,73,15,1
1,12,55,122,137,74,15
1,12,55,122,137,74,15
1,12,55,122,137,74,16
1,12,55,122,137,74,16,1
1,12,55,122,137,74,17,1
1,12,55,122,137,75,17,1
1,12,55,122,137,75,18,1
1,12,55,122,137,75,18,2
1,12,55,122,137,75,19,2
1,12,55,122,138,76,16
1,12,55,122,138,77,17
1,12,55,122,138,77,18,1
1,12,55,122,138,77,19,1
1,12,55,122,138,77,19,2
1,12,55,122,138,78,19,1
1,12,55,122,138,78,20,2
1,12,55,122,138,78,21,2
1,12,55,122,138,78,21,2
1,12,55,122,138,79,22,2
1,12,55,122,138,79,22,2
1,12,55,122,138,79,23,3
1,12,55,122,138,80,24,3
1,12,55,122,139,81,22,2
1,12,55,122,139,82,23,2
1,12,55,122,139,82,24,3
1,12,55,122,139,82,25,3
1,12,55,122,139,83,27,4
1,12,55,122,140,86,28,4
1,12,55,123,140,73,11
1,12,55,123,140,74,13,1
1,12,55,123,140,75,14
1,12,55,123,140,75,14
1,12,55,123,140,77,19,2
1,12,55,123,141,78,16
1,12,55,123,141,78,17,1
1,12,55,123,141,79,17
1,12,55,123,141,79,19,2
1,12,55,123,141,80,20,1
1,12,55,123,141,80,21,2
1,12,55,123,142,80,17
1,12,55,123,142,80,17
1,12,55,123,142,81,18
1,12,55,123,142,81,18
1,12,55,123,142,81,19,1
1,12,55,123,142,81,20,2
1,12,55,123,142,82,19
1,12,55,123,142,82,20,1
1,12,55,123,142,82,21,2
1,12,55,123,142,82,21,2
1,12,55,123,142,83,22,2
1,12,55,123,142,83,22,2
1,12,55,123,142,83,23,2
1,12,55,123,142,83,24,3
1,12,55,123,142,84,25,3
1,12,55,123,142,84,25,3
1,12,55,123,143,83,19
1,12,55,123,143,83,20,1
1,12,55,123,143,84,22,2
1,12,55,123,143,85,23,2
1,12,55,123,143,85,23,2
1,12,55,123,143,85,23,2
1,12,55,123,143,85,23,2
1,12,55,123,143,85,24,2
1,12,55,123,143,85,24,3
1,12,55,123,143,86,24,2
1,12,55,123,143,86,26,3
1,12,55,123,143,87,26,3
1,12,55,123,143,87,27,3
1,12,55,123,143,87,28,4
1,12,55,123,143,87,28,4
1,12,55,123,144,87,24,2
1,12,55,123,144,88,25,2
1,12,55,123,144,88,26,3
1,12,55,123,144,88,26,3
1,12,55,123,144,89,27,3
1,12,55,123,144,89,27,3
1,12,55,123,144,89,28,4
1,12,55,123,144,89,29,4
1,12,55,123,144,90,28,3
1,12,55,123,144,90,29,4
1,12,55,123,144,90,29,4
1,12,55,123,144,90,29,4
1,12,55,123,144,90,30,4
1,12,55,123,144,90,31,5
1,12,55,123,144,91,30,4
1,12,55,123,145,92,30,4
1,12,55,123,145,93,31,4
1,12,55,123,145,93,32,5
1,12,55,123,145,94,33,5
1,12,55,123,145,95,38,9,1
1,12,55,123,145,96,38,9,1
1,12,55,123,146,97,34,5
1,12,55,123,146,97,35,5
1,12,55,123,146,98,39,9,1
1,12,55,124,143,76,12
1,12,55,124,144,79,15,1
1,12,55,124,144,80,16
1,12,55,124,145,83,18
1,12,55,124,145,83,19,1
1,12,55,124,145,84,21,2
1,12,55,124,145,85,23,2
1,12,55,124,146,85,19
1,12,55,124,146,85,19
1,12,55,124,146,86,20
1,12,55,124,146,87,23,2
1,12,55,124,146,88,25,3
1,12,55,124,147,88,21
1,12,55,124,147,88,21
1,12,55,124,147,88,22,1
1,12,55,124,147,89,24,2
1,12,55,124,147,89,24,2
1,12,55,124,147,90,25,2
1,12,55,124,147,90,25,2
1,12,55,124,147,90,26,3
1,12,55,124,147,91,26,2
1,12,55,124,147,91,27,3
1,12,55,124,147,91,28,3
1,12,55,124,147,92,29,4
1,12,55,124,147,92,30,4
1,12,55,124,147,92,30,4
1,12,55,124,147,92,30,4
1,12,55,124,147,93,32,5
1,12,55,124,148,90,22
1,12,55,124,148,92,26,2
1,12,55,124,148,93,28,3
1,12,55,124,148,93,28,3
1,12,55,124,148,93,29,4
1,12,55,124,148,94,29,3
1,12,55,124,148,94,30,4
1,12,55,124,148,94,30,4
1,12,55,124,148,95,31,4
1,12,55,124,148,97,38,9,1
1,12,55,124,149,94,27,2
1,12,55,124,149,95,29,3
1,12,55,124,149,95,30,4
1,12,55,124,149,96,31,4
1,12,55,124,149,96,31,4
1,12,55,124,149,96,31,4
1,12,55,124,149,97,32,4
1,12,55,124,149,97,32,4
1,12,55,124,149,97,33,5
1,12,55,124,149,98,34,5
1,12,55,124,149,98,34,5
1,12,55,124,149,98,35,5
1,12,55,124,149,98,35,5
1,12,55,124,149,99,35,5
1,12,55,124,149,99,35,5
1,12,55,124,149,99,36,6
1,12,55,124,149,99,39,9,1
1,12,55,124,149,101,42,10,1
1,12,55,124,150,98,32,4
1,12,55,124,150,98,32,4
1,12,55,124,150,99,33,4
1,12,55,124,150,100,35,5
1,12,55,124,150,100,35,5
1,12,55,124,150,100,35,5
1,12,55,124,150,101,37,6
1,12,55,124,150,102,38,6
1,12,55,124,150,102,40,9,1
1,12,55,124,150,103,43,10,1
1,12,55,124,151,103,38,6
1,12,55,124,151,103,39,6
1,12,55,124,151,104,39,6
1,12,55,124,151,105,39,6
1,12,55,124,151,105,43,10,1
1,12,55,124,151,105,43,10,1
1,12,55,124,151,106,42,7
1,12,55,124,151,106,44,10,1
1,12,55,124,151,107,44,10,1
1,12,55,124,151,107,45,10,1
1,12,55,124,151,107,46,11,1
1,12,55,124,152,107,42,7
1,12,55,124,152,108,42,7
1,12,55,124,152,108,45,10,1
1,12,55,124,152,110,48,11,1
1,12,55,124,153,112,48,11,1
1,12,55,125,149,89,23,2
1,12,55,125,150,91,22
1,12,55,125,150,91,23,1
1,12,55,125,150,92,25,2
1,12,55,125,150,94,30,4
1,12,55,125,151,93,23
1,12,55,125,151,95,28,3
1,12,55,125,151,95,28,3
1,12,55,125,151,96,29,3
1,12,55,125,151,96,30,4
1,12,55,125,152,97,28,2
1,12,55,125,152,98,30,3
1,12,55,125,152,99,32,4
1,12,55,125,152,99,32,4
1,12,55,125,152,99,32,4
1,12,55,125,152,99,32,4
1,12,55,125,152,100,35,5
1,12,55,125,153,101,33,4
1,12,55,125,153,101,33,4
1,12,55,125,153,101,33,4
1,12,55,125,153,101,34,5
1,12,55,125,153,102,35,5
1,12,55,125,153,103,37,6
1,12,55,125,153,104,38,6
1,12,55,125,153,104,39,6
1,12,55,125,153,105,43,10,1
1,12,55,125,154,103,34,4
1,12,55,125,154,103,34,4
1,12,55,125,154,104,36,5
1,12,55,125,154,104,36,5
1,12,55,125,154,104,36,5
1,12,55,125,154,105,38,6
1,12,55,125,154,106,39,6
1,12,55,125,154,106,39,6
1,12,55,125,154,106,39,6
1,12,55,125,154,108,42,7
1,12,55,125,154,108,44,10,1
1,12,55,125,154,108,44,10,1
1,12,55,125,154,108,45,10,1
1,12,55,125,154,108,46,11,1
1,12,55,125,155,106,37,5
1,12,55,125,155,107,39,6
1,12,55,125,155,107,39,6
1,12,55,125,155,107,39,6
1,12,55,125,155,108,40,6
1,12,55,125,155,108,40,6
1,12,55,125,155,109,42,7
1,12,55,125,155,109,42,7
1,12,55,125,155,109,44,10,1
1,12,55,125,155,110,45,10,1
1,12,55,125,155,111,47,11,1
1,12,55,125,155,112,48,11,1
1,12,55,125,156,109,40,6
1,12,55,125,156,110,42,7
1,12,55,125,156,111,45,10,1
1,12,55,125,156,112,46,10,1
1,12,55,125,156,113,46,8
1,12,55,125,156,113,48,11,1
1,12,55,125,156,113,48,11,1
1,12,55,125,156,113,49,11,1
1,12,55,125,156,115,49,11,1
1,12,55,125,156,116,54,15,2
1,12,55,125,157,114,46,8
1,12,55,125,157,115,49,11,1
1,12,55,125,157,115,49,11,1
1,12,55,125,157,117,52,12,1
1,12,55,125,157,117,54,15,2
1,12,55,125,157,118,52,12,1
1,12,55,125,157,119,57,16,2
1,12,55,125,158,118,52,12,1
1,12,55,125,158,121,58,16,2
1,12,55,125,158,122,58,16,2
1,12,55,125,158,122,58,16,2
1,12,55,125,159,124,59,16,2
1,12,55,125,159,125,61,17,2
1,12,55,126,152,89,18
1,12,55,126,154,96,24
1,12,55,126,154,97,27,2
1,12,55,126,155,98,25
1,12,55,126,155,101,32,4
1,12,55,126,155,104,40,9,1
1,12,55,126,156,104,34,4
1,12,55,126,156,104,35,5
1,12,55,126,156,105,36,5
1,12,55,126,156,106,39,6
1,12,55,126,157,107,37,5
1,12,55,126,158,108,36,4
1,12,55,126,158,109,38,5
1,12,55,126,158,110,40,6
1,12,55,126,158,110,40,6
1,12,55,126,158,111,41,6
1,12,55,126,158,111,42,7
1,12,55,126,158,112,45,10,1
1,12,55,126,158,112,45,10,1
1,12,55,126,158,113,46,10,1
1,12,55,126,158,114,49,11,1
1,12,55,126,159,112,41,6
1,12,55,126,159,116,49,11,1
1,12,55,126,159,118,54,15,2
1,12,55,126,160,116,46,8
1,12,55,126,160,116,46,8
1,12,55,126,160,117,49,11,1
1,12,55,126,160,117,49,11,1
1,12,55,126,160,118,50,9
1,12,55,126,160,118,50,11,1
1,12,55,126,160,119,52,12,1
1,12,55,126,160,122,58,16,2
1,12,55,126,161,119,48,8
1,12,55,126,161,119,50,11,1
1,12,55,126,161,122,51,9
1,12,55,126,161,122,54,12,1
1,12,55,126,161,123,58,16,2
1,12,55,126,162,120,48,8
1,12,55,126,162,121,50,9
1,12,55,126,162,122,53,12,1
1,12,55,126,162,125,59,16,2
1,12,55,126,162,126,61,17,2
1,12,55,126,162,127,62,17,2
1,12,55,126,162,128,62,17,2
1,12,55,126,163,128,62,17,2
1,12,55,126,163,130,63,17,2
1,12,55,126,164,129,62,17,2
1,12,55,126,164,131,61,14,1
1,12,55,126,164,131,63,17,2
1,12,55,126,164,135,71,22,3
1,12,55,126,166,138,72,22,3
1,12,55,127,156,95,22,1
1,12,55,127,158,101,26
1,12,55,127,159,106,34,4
1,12,55,127,160,109,36,4
1,12,55,127,161,111,37,4
1,12,55,127,161,112,39,5
1,12,55,127,161,113,41,6
1,12,55,127,161,113,41,6
1,12,55,127,161,116,49,11,1
1,12,55,127,162,115,42,6
1,12,55,127,162,115,42,6
1,12,55,127,162,116,45,8
1,12,55,127,162,117,46,8
1,12,55,127,162,118,49,11,1
1,12,55,127,163,120,48,8
1,12,55,127,163,120,50,11,1
1,12,55,127,163,120,50,11,1
1,12,55,127,163,122,53,12,1
1,12,55,127,163,122,54,12,1
1,12,55,127,164,121,48,8
1,12,55,127,164,121,48,8
1,12,55,127,164,121,48,8
1,12,55,127,164,122,50,9
1,12,55,127,164,123,51,9
1,12,55,127,164,123,53,12,1
1,12,55,127,164,124,54,12,1
1,12,55,127,165,123,49,8
1,12,55,127,165,125,54,12,1
1,12,55,127,165,127,59,16,2
1,12,55,127,165,128,60,16,2
1,12,55,127,165,129,62,17,2
1,12,55,127,165,129,62,17,2
1,12,55,127,166,128,55,10
1,12,55,127,166,129,60,16,2
1,12,55,127,166,131,61,14,1
1,12,55,127,166,131,63,17,2
1,12,55,127,166,132,61,14,1
1,12,55,127,167,129,55,10
1,12,55,127,167,132,61,14,1
1,12,55,127,167,132,63,17,2
1,12,55,127,167,132,63,17,2
1,12,55,127,167,133,64,17,2
1,12,55,127,167,134,66,18,2
1,12,55,127,167,135,67,18,2
1,12,55,127,167,138,72,22,3
1,12,55,127,168,134,64,17,2
1,12,55,127,168,134,64,17,2
1,12,55,127,168,135,66,18,2
1,12,55,127,168,137,67,18,2
1,12,55,127,168,138,72,22,3
1,12,55,127,168,140,73,22,3
1,12,55,127,169,137,65,15,1
1,12,55,127,169,137,67,18,2
1,12,55,127,169,141,71,19,2
1,12,55,127,169,141,73,22,3
1,12,55,127,170,141,71,19,2
1,12,55,127,170,141,73,22,3
1,12,55,127,170,142,71,19,2
1,12,55,127,170,145,77,23,3
1,12,55,127,171,146,77,23,3
1,12,55,127,171,152,92,37,9,1
1,12,55,127,172,153,92,37,9,1
1,12,55,128,163,112,38,5
1,12,55,128,165,118,43,6
1,12,55,128,166,123,51,11,1
1,12,55,128,167,124,49,8
1,12,55,128,167,125,51,9
1,12,55,128,167,126,54,12,1
1,12,55,128,168,128,55,12,1
1,12,55,128,168,128,55,12,1
1,12,55,128,168,132,63,17,2
1,12,55,128,169,130,55,10
1,12,55,128,169,133,63,17,2
1,12,55,128,169,134,64,17,2
1,12,55,128,170,135,64,17,2
1,12,55,128,170,137,67,18,2
1,12,55,128,171,137,65,17,2
1,12,55,128,171,138,65,15,1
1,12,55,128,171,138,67,18,2
1,12,55,128,171,138,67,18,2
1,12,55,128,171,141,71,19,2
1,12,55,128,171,141,73,22,3
1,12,55,128,172,140,68,18,2
1,12,55,128,172,142,71,19,2
1,12,55,128,172,146,77,23,3
1,12,55,128,173,143,71,19,2
1,12,55,128,173,143,71,19,2
1,12,55,128,173,144,74,22,3
1,12,55,128,173,147,77,23,3
1,12,55,128,173,153,92,37,9,1
1,12,55,128,174,147,77,23,3
1,12,55,128,175,151,81,24,3
1,12,55,128,175,152,81,24,3
1,12,55,128,175,158,96,38,9,1
1,12,55,128,176,152,81,24,3
1,12,55,128,177,161,97,38,9,1
1,12,55,129,169,125,50,9
1,12,55,129,170,127,50,8
1,12,55,129,170,129,55,12,1
1,12,55,129,171,131,55,10
1,12,55,129,172,136,64,17,2
1,12,55,129,172,137,65,15,1
1,12,55,129,173,138,65,17,2
1,12,55,129,173,139,67,18,2
1,12,55,129,174,141,68,18,2
1,12,55,129,174,141,68,18,2
1,12,55,129,174,143,71,19,2
1,12,55,129,174,144,74,22,3
1,12,55,129,175,145,74,22,3
1,12,55,129,176,148,77,23,3
1,12,55,129,178,153,81,24,3
1,12,55,129,178,155,86,28,4
1,12,55,129,178,161,97,38,9,1
1,12,55,129,179,157,87,28,4
1,12,55,129,180,161,91,29,4
1,12,55,129,180,162,97,38,9,1
1,12,55,129,181,160,88,28,4
1,12,55,129,181,169,106,43,10,1
1,12,55,129,182,163,91,29,4
1,12,55,129,182,171,107,43,10,1
1,12,55,129,184,172,107,43,10,1
1,12,55,130,170,117,33
1,12,55,130,174,132,52,8
1,12,55,130,176,142,68,18,2
1,12,55,130,177,144,69,18,2
1,12,55,130,178,144,64,12
1,12,55,130,178,147,72,19,2
1,12,55,130,178,148,73,19,2
1,12,55,130,178,148,75,22,3
1,12,55,130,179,153,81,24,3
1,12,55,130,180,154,81,24,3
1,12,55,130,182,157,80,21,2
1,12,55,130,182,160,88,28,4
1,12,55,130,182,161,86,25,3
1,12,55,130,182,163,97,38,9,1
1,12,55,130,183,163,91,29,4
1,12,55,130,183,165,98,38,9,1
1,12,55,130,184,172,107,43,10,1
1,12,55,130,185,172,107,43,10,1
1,12,55,130,186,171,96,30,4
1,12,55,130,187,175,108,43,10,1
1,12,55,130,187,177,111,44,10,1
1,12,55,130,188,178,111,44,10,1
1,12,55,131,177,135,53,8
1,12,55,131,180,145,64,12
1,12,55,131,181,150,73,19,2
1,12,55,131,183,157,80,21,2
1,12,55,131,184,158,80,21,2
1,12,55,131,184,161,86,25,3
1,12,55,131,185,162,86,25,3
1,12,55,131,185,163,89,28,4
1,12,55,131,187,171,96,30,4
1,12,55,131,188,171,96,30,4
1,12,55,131,188,171,96,30,4
1,12,55,131,189,172,96,30,4
1,12,55,131,189,180,112,44,10,1
1,12,55,131,191,181,106,35,5
1,12,55,131,192,181,106,35,5
1,12,55,131,192,186,116,45,10,1
1,12,55,131,193,186,116,45,10,1
1,12,55,132,184,153,74,19,2
1,12,55,132,187,163,86,25,3
1,12,55,132,187,164,89,28,4
1,12,55,132,187,165,91,29,4
1,12,55,132,189,172,102,39,9,1
1,12,55,132,190,172,96,30,4
1,12,55,132,190,176,108,43,10,1
1,12,55,132,192,181,112,44,10,1
1,12,55,132,192,181,112,44,10,1
1,12,55,132,193,181,106,35,5
1,12,55,132,193,186,116,45,10,1
1,12,55,132,195,187,116,45,10,1
1,12,55,132,198,196,126,50,11,1
1,12,55,132,199,203,141,64,17,2
1,12,55,132,202,206,142,64,17,2
1,12,55,133,190,167,90,28,4
1,12,55,133,192,173,96,30,4
1,12,55,133,194,181,106,35,5
1,12,55,133,194,182,112,44,10,1
1,12,55,133,194,182,112,44,10,1
1,12,55,133,196,187,116,45,10,1
1,12,55,133,202,206,142,64,17,2
1,12,55,133,202,206,142,64,17,2
1,12,55,133,204,211,146,65,17,2
1,12,55,133,206,212,146,65,17,2
1,12,55,134,197,185,113,44,10,1
1,12,55,134,201,197,126,50,11,1
1,12,55,134,206,212,146,65,17,2
1,12,55,135,196,169,80,16
1,12,55,135,201,187,105,32,4
1,12,55,135,206,201,121,41,6
1,12,55,135,206,206,131,51,11,1
1,12,55,135,211,216,141,56,12,1
1,12,55,136,203,188,105,32,4
1,12,55,136,207,201,121,41,6
1,12,55,136,208,206,131,51,11,1
1,12,55,136,208,210,143,64,17,2
1,12,55,136,209,213,146,65,17,2
1,12,55,136,211,216,141,56,12,1
1,12,55,136,212,216,141,56,12,1
1,12,55,136,213,221,151,66,17,2
1,12,55,136,217,231,161,71,18,2
1,12,55,136,218,231,161,71,18,2
1,12,55,136,224,258,211,120,45,10,1
1,12,55,137,210,207,131,51,11,1
1,12,55,137,218,231,161,71,18,2
1,12,55,138,216,222,151,66,17,2
1,12,55,138,219,231,161,71,18,2
1,12,55,138,231,267,216,121,45,10,1
1,12,55,140,230,262,212,120,45,10,1
1,12,55,141,226,231,146,52,8
1,12,55,141,232,251,176,77,19,2
1,12,55,141,234,268,216,121,45,10,1
1,12,55,141,238,266,196,92,25,3
1,12,55,142,233,251,176,77,19,2
1,12,55,142,238,266,196,92,25,3
1,12,55,142,245,287,231,127,46,10,1
1,12,55,144,246,287,231,127,46,10,1
1,12,55,148,259,301,231,113,32,4
1,12,55,148,266,322,266,148,53,11,1
1,12,55,149,266,322,266,148,53,11,1
1,12,55,156,294,378,336,204,81,19,2
1,12,55,165,330,462,462,330,165,55,11,1
1,12,56,128,147,76,12
1,12,56,128,148,80,15
1,12,56,128,148,80,16
1,12,56,128,148,80,16,1
1,12,56,128,148,81,18,1
1,12,56,129,152,83,14
1,12,56,129,152,84,16
1,12,56,129,152,85,19,2
1,12,56,129,153,86,17,1
1,12,56,129,153,87,18
1,12,56,129,153,87,18
1,12,56,129,153,88,20
1,12,56,129,153,88,20,1
1,12,56,129,153,88,21,2
1,12,56,129,153,89,23,2
1,12,56,129,154,90,20
1,12,56,129,154,91,21
1,12,56,129,154,91,22,1
1,12,56,129,154,91,23,2
1,12,56,129,154,92,24,2
1,12,56,129,154,92,25,2
1,12,56,129,154,92,25,3
1,12,56,129,154,93,27,3
1,12,56,129,155,95,26,2
1,12,56,129,155,96,28,3
1,12,56,129,155,96,29,3
1,12,56,129,155,96,30,4
1,12,56,129,155,97,31,4
1,12,56,129,156,101,35,5
1,12,56,130,156,88,16
1,12,56,130,157,92,20
1,12,56,130,157,92,21,2
1,12,56,130,158,95,22
1,12,56,130,158,95,22
1,12,56,130,158,96,25,2
1,12,56,130,158,96,25,2
1,12,56,130,158,96,25,2
1,12,56,130,158,97,27,2
1,12,56,130,159,98,24
1,12,56,130,159,98,24
1,12,56,130,159,98,25,1
1,12,56,130,159,99,26,1
1,12,56,130,159,99,27,2
1,12,56,130,159,99,27,2
1,12,56,130,159,99,27,2
1,12,56,130,159,99,28,3
1,12,56,130,159,100,29,3
1,12,56,130,159,100,29,3
1,12,56,130,159,100,30,4
1,12,56,130,159,101,32,4
1,12,56,130,159,101,32,4
1,12,56,130,160,100,25
1,12,56,130,160,101,28,2
1,12,56,130,160,102,29,2
1,12,56,130,160,102,30,3
1,12,56,130,160,103,31,3
1,12,56,130,160,103,31,3
1,12,56,130,160,103,32,4
1,12,56,130,160,103,32,4
1,12,56,130,160,104,33,4
1,12,56,130,160,104,33,4
1,12,56,130,160,104,34,4
1,12,56,130,160,105,36,5
1,12,56,130,160,105,37,6
1,12,56,130,161,106,34,4
1,12,56,130,161,106,34,4
1,12,56,130,161,106,35,5
1,12,56,130,161,107,36,5
1,12,56,130,161,108,37,5
1,12,56,130,161,108,38,6
1,12,56,130,161,108,39,6
1,12,56,130,161,108,39,6
1,12,56,130,161,110,44,10,1
1,12,56,130,162,111,40,6
1,12,56,130,162,112,41,6
1,12,56,130,162,112,42,7
1,12,56,130,162,112,45,10,1
1,12,56,130,162,113,45,10,1
1,12,56,130,162,113,46,10,1
1,12,56,130,162,113,47,11,1
1,12,56,130,163,117,49,11,1
1,12,56,131,161,96,20
1,12,56,131,162,99,23,1
1,12,56,131,163,103,26
1,12,56,131,163,103,26
1,12,56,131,163,104,29,2
1,12,56,131,163,104,29,2
1,12,56,131,163,105,32,4
1,12,56,131,163,105,32,4
1,12,56,131,164,105,27
1,12,56,131,164,106,29,1
1,12,56,131,164,107,31,2
1,12,56,131,164,107,32,3
1,12,56,131,164,108,33,3
1,12,56,131,164,108,34,4
1,12,56,131,164,108,34,4
1,12,56,131,164,108,34,4
1,12,56,131,164,110,39,6
1,12,56,131,165,109,32,2
1,12,56,131,165,110,34,3
1,12,56,131,165,111,36,4
1,12,56,131,165,111,36,4
1,12,56,131,165,111,36,4
1,12,56,131,165,111,36,4
1,12,56,131,165,111,37,5
1,12,56,131,165,111,37,5
1,12,56,131,165,112,38,5
1,12,56,131,165,112,38,5
1,12,56,131,165,112,39,6
1,12,56,131,165,113,41,6
1,12,56,131,165,113,41,6
1,12,56,131,165,114,45,10,1
1,12,56,131,166,113,37,4
1,12,56,131,166,113,37,4
1,12,56,131,166,114,39,5
1,12,56,131,166,114,39,5
1,12,56,131,166,114,40,6
1,12,56,131,166,115,41,6
1,12,56,131,166,115,41,6
1,12,56,131,166,115,41,6
1,12,56,131,166,115,41,6
1,12,56,131,166,115,41,6
1,12,56,131,166,116,42,6
1,12,56,131,166,116,43,7
1,12,56,131,166,116,45,10,1
1,12,56,131,166,117,46,10,1
1,12,56,131,166,118,49,11,1
1,12,56,131,167,116,40,5
1,12,56,131,167,117,42,6
1,12,56,131,167,118,44,7
1,12,56,131,167,119,45,7
1,12,56,131,167,119,46,8
1,12,56,131,167,119,47,10,1
1,12,56,131,167,120,48,8
1,12,56,131,167,120,49,11,1
1,12,56,131,167,120,50,11,1
1,12,56,131,167,121,50,11,1
1,12,56,131,167,122,55,15,2
1,12,56,131,168,122,48,8
1,12,56,131,168,122,50,11,1
1,12,56,131,168,123,51,11,1
1,12,56,131,168,124,51,9
1,12,56,131,168,124,53,12,1
1,12,56,131,168,124,54,12,1
1,12,56,131,168,125,54,12,1
1,12,56,131,169,128,59,16,2
1,12,56,131,169,129,60,16,2
1,12,56,131,170,132,61,14,1
1,12,56,131,170,133,63,17,2
1,12,56,132,166,105,27,2
1,12,56,132,167,108,28
1,12,56,132,168,111,31,1
1,12,56,132,168,113,36,4
1,12,56,132,168,113,36,4
1,12,56,132,168,113,36,4
1,12,56,132,169,115,36,3
1,12,56,132,169,116,38,4
1,12,56,132,169,116,38,4
1,12,56,132,169,116,39,5
1,12,56,132,169,117,41,6
1,12,56,132,169,117,41,6
1,12,56,132,170,118,39,4
1,12,56,132,170,119,41,5
1,12,56,132,170,120,43,6
1,12,56,132,170,120,43,6
1,12,56,132,170,120,43,6
1,12,56,132,170,120,43,6
1,12,56,132,170,120,43,6
1,12,56,132,170,121,45,7
1,12,56,132,170,121,46,8
1,12,56,132,170,121,47,10,1
1,12,56,132,170,122,48,8
1,12,56,132,170,122,49,11,1
1,12,56,132,170,124,55,15,2
1,12,56,132,171,122,44,6
1,12,56,132,171,122,44,6
1,12,56,132,171,122,44,6
1,12,56,132,171,123,46,7
1,12,56,132,171,123,46,7
1,12,56,132,171,124,48,8
1,12,56,132,171,124,48,8
1,12,56,132,171,124,48,8
1,12,56,132,171,124,50,11,1
1,12,56,132,171,125,51,11,1
1,12,56,132,171,125,51,11,1
1,12,56,132,171,126,54,12,1
1,12,56,132,172,125,47,7
1,12,56,132,172,126,49,8
1,12,56,132,172,126,49,8
1,12,56,132,172,126,50,9
1,12,56,132,172,127,50,8
1,12,56,132,172,127,51,9
1,12,56,132,172,127,52,11,1
1,12,56,132,172,127,52,11,1
1,12,56,132,172,128,52,9
1,12,56,132,172,128,54,12,1
1,12,56,132,172,128,54,12,1
1,12,56,132,172,129,55,10
1,12,56,132,172,129,55,12,1
1,12,56,132,172,129,55,12,1
1,12,56,132,172,131,62,17,2
1,12,56,132,173,128,50,8
1,12,56,132,173,130,55,12,1
1,12,56,132,173,130,55,12,1
1,12,56,132,173,131,55,10
1,12,56,132,173,132,60,16,2
1,12,56,132,173,133,61,16,2
1,12,56,132,173,134,63,17,2
1,12,56,132,173,134,64,17,2
1,12,56,132,174,132,55,10
1,12,56,132,174,132,56,12,1
1,12,56,132,174,135,61,14,1
1,12,56,132,174,136,64,17,2
1,12,56,132,174,136,64,17,2
1,12,56,132,174,136,64,17,2
1,12,56,132,174,136,64,17,2
1,12,56,132,174,138,67,18,2
1,12,56,132,175,138,65,15,1
1,12,56,132,175,138,65,17,2
1,12,56,132,175,139,67,18,2
1,12,56,132,175,141,68,18,2
1,12,56,132,175,142,73,22,3
1,12,56,132,176,143,71,19,2
1,12,56,132,176,145,74,22,3
1,12,56,132,177,148,77,23,3
1,12,56,133,172,117,35,2
1,12,56,133,173,121,40,4
1,12,56,133,173,122,43,6
1,12,56,133,173,122,43,6
1,12,56,133,174,124,43,5
1,12,56,133,174,125,45,6
1,12,56,133,174,125,45,6
1,12,56,133,175,128,48,7
1,12,56,133,175,129,50,8
1,12,56,133,175,129,50,8
1,12,56,133,175,129,51,9
1,12,56,133,175,130,53,11,1
1,12,56,133,175,130,54,12,1
1,12,56,133,176,131,51,8
1,12,56,133,176,131,51,8
1,12,56,133,176,131,51,8
1,12,56,133,176,132,53,9
1,12,56,133,176,133,55,10
1,12,56,133,176,133,56,12,1
1,12,56,133,176,133,56,12,1
1,12,56,133,176,133,56,12,1
1,12,56,133,176,135,61,16,2
1,12,56,133,176,136,64,17,2
1,12,56,133,177,134,54,9
1,12,56,133,177,135,56,10
1,12,56,133,177,135,57,12,1
1,12,56,133,177,137,61,14,1
1,12,56,133,177,138,62,14,1
1,12,56,133,177,138,64,17,2
1,12,56,133,177,138,64,17,2
1,12,56,133,178,137,57,10
1,12,56,133,178,138,60,13,1
1,12,56,133,178,139,62,14,1
1,12,56,133,178,140,65,17,2
1,12,56,133,178,140,65,17,2
1,12,56,133,178,141,66,17,2
1,12,56,133,178,141,67,18,2
1,12,56,133,178,142,68,18,2
1,12,56,133,178,142,68,18,2
1,12,56,133,179,142,65,15,1
1,12,56,133,179,142,66,17,2
1,12,56,133,179,143,68,18,2
1,12,56,133,179,144,69,18,2
1,12,56,133,179,145,71,19,2
1,12,56,133,179,145,71,19,2
1,12,56,133,179,146,74,22,3
1,12,56,133,180,145,69,18,2
1,12,56,133,180,146,71,19,2
1,12,56,133,180,147,72,19,2
1,12,56,133,180,148,75,22,3
1,12,56,133,180,149,77,23,3
1,12,56,133,181,148,72,19,2
1,12,56,133,181,151,78,23,3
1,12,56,133,182,154,81,24,3
1,12,56,133,183,163,97,38,9,1
1,12,56,133,184,165,98,38,9,1
1,12,56,134,176,121,34
1,12,56,134,178,132,53,11,1
1,12,56,134,179,134,52,8
1,12,56,134,179,134,52,8
1,12,56,134,179,134,52,8
1,12,56,134,179,135,55,10
1,12,56,134,180,136,53,8
1,12,56,134,180,137,55,9
1,12,56,134,180,137,55,9
1,12,56,134,180,138,58,12,1
1,12,56,134,180,139,60,13,1
1,12,56,134,181,140,58,10
1,12,56,134,181,141,61,13,1
1,12,56,134,181,143,66,17,2
1,12,56,134,181,143,66,17,2
1,12,56,134,182,145,64,12
1,12,56,134,182,145,66,15,1
1,12,56,134,182,146,69,18,2
1,12,56,134,182,146,69,18,2
1,12,56,134,182,146,69,18,2
1,12,56,134,182,147,71,19,2
1,12,56,134,182,148,73,19,2
1,12,56,134,183,146,64,12
1,12,56,134,183,148,70,18,2
1,12,56,134,183,148,70,18,2
1,12,56,134,183,149,72,19,2
1,12,56,134,183,150,73,19,2
1,12,56,134,183,150,75,22,3
1,12,56,134,183,152,78,23,3
1,12,56,134,184,151,73,19,2
1,12,56,134,184,151,73,19,2
1,12,56,134,184,151,73,19,2
1,12,56,134,184,152,76,22,3
1,12,56,134,184,154,79,23,3
1,12,56,134,185,155,79,23,3
1,12,56,134,185,156,81,24,3
1,12,56,134,185,157,80,21,2
1,12,56,134,185,157,82,24,3
1,12,56,134,185,159,87,28,4
1,12,56,134,186,158,80,21,2
1,12,56,134,186,158,82,24,3
1,12,56,134,186,161,86,25,3
1,12,56,134,186,162,86,25,3
1,12,56,134,186,164,97,38,9,1
1,12,56,134,187,164,89,28,4
1,12,56,134,187,166,98,38,9,1
1,12,56,134,188,164,89,28,4
1,12,56,134,188,165,91,29,4
1,12,56,134,188,173,107,43,10,1
1,12,56,134,189,171,96,30,4
1,12,56,134,190,176,108,43,10,1
1,12,56,135,180,127,38,1
1,12,56,135,183,139,54,8
1,12,56,135,183,139,54,8
1,12,56,135,184,143,59,10
1,12,56,135,184,145,65,15,1
1,12,56,135,185,147,64,12
1,12,56,135,185,149,70,18,2
1,12,56,135,186,149,65,12
1,12,56,135,186,151,71,18,2
1,12,56,135,186,152,73,19,2
1,12,56,135,186,152,73,19,2
1,12,56,135,186,152,73,19,2
1,12,56,135,186,152,73,19,2
1,12,56,135,187,154,74,19,2
1,12,56,135,187,154,74,19,2
1,12,56,135,187,157,80,21,2
1,12,56,135,188,158,80,23,3
1,12,56,135,188,159,80,21,2
1,12,56,135,189,160,80,21,2
1,12,56,135,189,161,83,24,3
1,12,56,135,189,163,86,25,3
1,12,56,135,189,163,86,25,3
1,12,56,135,189,164,89,28,4
1,12,56,135,189,164,89,28,4
1,12,56,135,189,167,98,38,9,1
1,12,56,135,190,164,86,25,3
1,12,56,135,190,165,89,28,4
1,12,56,135,190,166,91,29,4
1,12,56,135,191,167,90,28,4
1,12,56,135,191,171,96,30,4
1,12,56,135,192,170,93,29,4
1,12,56,135,192,172,96,30,4
1,12,56,135,192,173,96,30,4
1,12,56,135,192,173,102,39,9,1
1,12,56,135,192,176,108,43,10,1
1,12,56,135,193,173,96,30,4
1,12,56,135,193,181,112,44,10,1
1,12,56,135,194,179,109,43,10,1
1,12,56,135,194,182,112,44,10,1
1,12,56,135,195,181,106,35,5
1,12,56,135,195,182,112,44,10,1
1,12,56,135,196,187,116,45,10,1
1,12,56,136,187,145,58,9
1,12,56,136,189,152,66,12
1,12,56,136,190,157,75,19,2
1,12,56,136,190,157,75,19,2
1,12,56,136,191,160,78,20,2
1,12,56,136,191,161,80,21,2
1,12,56,136,191,162,83,24,3
1,12,56,136,192,163,81,21,2
1,12,56,136,192,164,84,24,3
1,12,56,136,192,165,86,25,3
1,12,56,136,193,167,87,25,3
1,12,56,136,193,168,90,28,4
1,12,56,136,194,171,93,29,4
1,12,56,136,194,173,96,30,4
1,12,56,136,194,173,96,30,4
1,12,56,136,195,174,96,30,4
1,12,56,136,195,174,96,30,4
1,12,56,136,195,176,103,39,9,1
1,12,56,136,195,179,109,43,10,1
1,12,56,136,196,176,97,30,4
1,12,56,136,196,182,112,44,10,1
1,12,56,136,197,182,106,35,5
1,12,56,136,197,183,112,44,10,1
1,12,56,136,198,183,106,35,5
1,12,56,136,198,185,113,44,10,1
1,12,56,136,198,185,113,44,10,1
1,12,56,136,198,187,116,45,10,1
1,12,56,136,199,188,116,45,10,1
1,12,56,136,202,197,126,50,11,1
1,12,56,137,194,163,79,20,2
1,12,56,137,196,170,88,25,3
1,12,56,137,196,171,91,28,4
1,12,56,137,197,175,96,30,4
1,12,56,137,198,177,97,30,4
1,12,56,137,200,184,106,35,5
1,12,56,137,200,186,113,44,10,1
1,12,56,137,200,186,113,44,10,1
1,12,56,137,200,188,116,45,10,1
1,12,56,137,202,191,117,45,10,1
1,12,56,137,204,198,126,50,11,1
1,12,56,137,205,207,142,64,17,2
1,12,56,137,208,210,143,64,17,2
1,12,56,137,209,213,146,65,17,2
1,12,56,138,199,170,80,16
1,12,56,138,200,177,95,29,4
1,12,56,138,201,180,98,30,4
1,12,56,138,202,185,106,35,5
1,12,56,138,203,187,105,32,4
1,12,56,138,203,189,114,44,10,1
1,12,56,138,204,188,105,32,4
1,12,56,138,204,192,117,45,10,1
1,12,56,138,204,192,117,45,10,1
1,12,56,138,207,201,121,41,6
1,12,56,138,208,201,121,41,6
1,12,56,138,208,206,131,51,11,1
1,12,56,138,209,210,143,64,17,2
1,12,56,138,210,213,146,65,17,2
1,12,56,138,212,216,141,56,12,1
1,12,56,138,212,216,147,65,17,2
1,12,56,139,202,173,81,16
1,12,56,139,206,189,105,32,4
1,12,56,139,206,189,105,32,4
1,12,56,139,207,195,118,45,10,1
1,12,56,139,209,201,121,41,6
1,12,56,139,209,202,127,50,11,1
1,12,56,139,210,202,121,41,6
1,12,56,139,210,206,131,51,11,1
1,12,56,139,211,207,131,51,11,1
1,12,56,139,213,216,147,65,17,2
1,12,56,139,214,216,141,56,12,1
1,12,56,139,214,221,151,66,17,2
1,12,56,139,216,222,151,66,17,2
1,12,56,139,219,231,161,71,18,2
1,12,56,140,209,192,106,32,4
1,12,56,140,212,203,121,41,6
1,12,56,140,213,208,131,51,11,1
1,12,56,140,214,214,144,64,17,2
1,12,56,140,215,216,141,56,12,1
1,12,56,140,216,217,141,56,12,1
1,12,56,140,217,222,151,66,17,2
1,12,56,140,220,231,161,71,18,2
1,12,56,140,221,232,161,71,18,2
1,12,56,140,230,262,212,120,45,10,1
1,12,56,141,216,211,132,51,11,1
1,12,56,141,218,220,148,65,17,2
1,12,56,141,219,223,151,66,17,2
1,12,56,141,222,232,161,71,18,2
1,12,56,141,230,262,212,120,45,10,1
1,12,56,141,234,268,216,121,45,10,1
1,12,56,142,222,226,152,66,17,2
1,12,56,142,224,233,161,71,18,2
1,12,56,142,234,268,216,121,45,10,1
1,12,56,143,227,231,146,52,8
1,12,56,143,232,251,176,77,19,2
1,12,56,143,233,251,176,77,19,2
1,12,56,143,238,266,196,92,25,3
1,12,56,144,229,232,146,52,8
1,12,56,144,234,251,176,77,19,2
1,12,56,144,234,251,176,77,19,2
1,12,56,144,239,266,196,92,25,3
1,12,56,144,246,287,231,127,46,10,1
1,12,56,145,236,252,176,77,19,2
1,12,56,145,240,266,196,92,25,3
1,12,56,145,240,272,217,121,45,10,1
1,12,56,145,246,287,231,127,46,10,1
1,12,56,147,249,288,231,127,46,10,1
1,12,56,149,259,301,231,113,32,4
1,12,56,149,266,322,266,148,53,11,1
1,12,56,150,260,301,231,113,32,4
1,12,56,150,266,322,266,148,53,11,1
1,12,56,151,267,322,266,148,53,11,1
1,12,56,156,294,378,336,204,81,19,2
1,12,56,157,294,378,336,204,81,19,2
1,12,56,165,330,462,462,330,165,55,11,1
1,12,57,136,169,100,20
1,12,57,136,170,104,24
1,12,57,136,170,104,25,2
1,12,57,136,170,105,27,2
1,12,57,136,171,108,27
1,12,57,136,171,109,31,3
1,12,57,136,171,110,34,4
1,12,57,137,174,108,24
1,12,57,137,175,112,28
1,12,57,137,175,112,29,2
1,12,57,137,175,113,32,4
1,12,57,137,176,115,30
1,12,57,137,176,116,33,2
1,12,57,137,176,117,36,4
1,12,57,137,176,117,36,4
1,12,57,137,177,120,37,3
1,12,57,137,177,120,38,4
1,12,57,137,177,120,38,4
1,12,57,137,177,121,40,5
1,12,57,137,177,121,40,5
1,12,57,137,177,121,41,6
1,12,57,137,177,122,43,6
1,12,57,137,178,125,44,6
1,12,57,137,178,126,48,8
1,12,57,137,178,127,51,11,1
1,12,57,137,179,130,51,9
1,12,57,137,179,131,55,12,1
1,12,57,138,180,120,32
1,12,57,138,180,121,36,4
1,12,57,138,181,124,37,2
1,12,57,138,181,125,40,4
1,12,57,138,181,125,40,4
1,12,57,138,182,127,40,3
1,12,57,138,182,128,42,4
1,12,57,138,182,129,45,6
1,12,57,138,182,129,45,6
1,12,57,138,182,129,45,6
1,12,57,138,182,130,48,8
1,12,57,138,183,131,45,5
1,12,57,138,183,132,47,6
1,12,57,138,183,132,47,6
1,12,57,138,183,132,47,6
1,12,57,138,183,133,49,7
1,12,57,138,183,133,50,8
1,12,57,138,183,134,52,8
1,12,57,138,183,134,53,11,1
1,12,57,138,184,136,52,8
1,12,57,138,184,136,52,8
1,12,57,138,184,137,54,9
1,12,57,138,184,137,55,10
1,12,57,138,184,137,56,12,1
1,12,57,138,184,138,57,12,1
1,12,57,138,184,138,57,12,1
1,12,57,138,184,140,64,17,2
1,12,57,138,185,142,62,14,1
1,12,57,138,185,143,66,17,2
1,12,57,138,186,147,69,18,2
1,12,57,138,187,152,76,22,3
1,12,57,139,185,128,36
1,12,57,139,186,133,44,4
1,12,57,139,187,137,49,6
1,12,57,139,187,138,52,8
1,12,57,139,187,138,52,8
1,12,57,139,187,138,52,8
1,12,57,139,188,140,52,7
1,12,57,139,188,141,54,8
1,12,57,139,188,141,54,8
1,12,57,139,188,141,54,8
1,12,57,139,188,141,54,8
1,12,57,139,188,141,54,8
1,12,57,139,188,142,57,10
1,12,57,139,188,142,57,11,1
1,12,57,139,188,142,58,12,1
1,12,57,139,189,144,57,9
1,12,57,139,189,144,57,9
1,12,57,139,189,145,59,10
1,12,57,139,189,145,59,10
1,12,57,139,189,145,60,12,1
1,12,57,139,189,146,62,13,1
1,12,57,139,189,147,64,12
1,12,57,139,189,147,66,17,2
1,12,57,139,190,147,60,10
1,12,57,139,190,148,63,13,1
1,12,57,139,190,149,64,12
1,12,57,139,190,149,65,14,1
1,12,57,139,190,149,66,15,1
1,12,57,139,190,150,68,17,2
1,12,57,139,190,151,70,18,2
1,12,57,139,190,152,73,19,2
1,12,57,139,191,153,71,18,2
1,12,57,139,191,154,73,19,2
1,12,57,139,191,154,73,19,2
1,12,57,139,191,155,74,19,2
1,12,57,139,191,155,74,19,2
1,12,57,139,191,155,76,22,3
1,12,57,139,192,159,80,21,2
1,12,57,139,192,159,80,23,3
1,12,57,139,193,164,86,25,3
1,12,57,139,195,174,102,39,9,1
1,12,57,140,190,137,43,2
1,12,57,140,192,146,56,8
1,12,57,140,192,146,56,8
1,12,57,140,192,146,56,8
1,12,57,140,193,149,59,9
1,12,57,140,193,150,61,10
1,12,57,140,193,150,61,10
1,12,57,140,193,150,62,12,1
1,12,57,140,193,151,64,12
1,12,57,140,193,152,68,17,2
1,12,57,140,194,153,64,11
1,12,57,140,194,153,64,11
1,12,57,140,194,154,66,12
1,12,57,140,194,154,67,14,1
1,12,57,140,194,154,67,14,1
1,12,57,140,194,155,69,15,1
1,12,57,140,194,156,73,19,2
1,12,57,140,195,156,67,12
1,12,57,140,195,156,67,12
1,12,57,140,195,157,70,15,1
1,12,57,140,195,157,70,15,1
1,12,57,140,195,158,73,18,2
1,12,57,140,195,159,75,19,2
1,12,57,140,195,159,75,19,2
1,12,57,140,195,159,75,19,2
1,12,57,140,195,159,75,19,2
1,12,57,140,195,159,75,19,2
1,12,57,140,196,161,76,19,2
1,12,57,140,196,162,78,20,2
1,12,57,140,196,163,80,21,2
1,12,57,140,196,163,81,23,3
1,12,57,140,196,166,89,28,4
1,12,57,140,197,164,79,20,2
1,12,57,140,197,165,81,21,2
1,12,57,140,197,166,84,24,3
1,12,57,140,197,166,84,24,3
1,12,57,140,197,167,86,25,3
1,12,57,140,197,168,87,25,3
1,12,57,140,198,171,91,28,4
1,12,57,140,199,175,96,30,4
1,12,57,140,199,175,96,30,4
1,12,57,140,199,177,103,39,9,1
1,12,57,140,201,186,113,44,10,1
1,12,57,141,197,155,63,10
1,12,57,141,197,155,63,10
1,12,57,141,198,159,68,12
1,12,57,141,199,162,71,13
1,12,57,141,199,162,71,13
1,12,57,141,199,163,74,16,1
1,12,57,141,199,164,77,19,2
1,12,57,141,199,164,77,19,2
1,12,57,141,199,164,77,19,2
1,12,57,141,199,165,80,21,2
1,12,57,141,200,167,80,20,2
1,12,57,141,200,167,80,20,2
1,12,57,141,200,168,82,21,2
1,12,57,141,200,169,85,24,3
1,12,57,141,201,170,83,21,2
1,12,57,141,201,170,83,21,2
1,12,57,141,201,171,86,24,3
1,12,57,141,201,172,88,25,3
1,12,57,141,201,172,88,25,3
1,12,57,141,201,172,88,25,3
1,12,57,141,201,173,91,28,4
1,12,57,141,202,174,89,25,3
1,12,57,141,202,174,89,25,3
1,12,57,141,202,177,96,30,4
1,12,57,141,203,178,95,29,4
1,12,57,141,203,179,97,30,4
1,12,57,141,203,180,98,30,4
1,12,57,141,203,181,104,39,9,1
1,12,57,141,204,181,98,30,4
1,12,57,141,204,187,113,44,10,1
1,12,57,141,205,186,106,35,5
1,12,57,141,205,189,114,44,10,1
1,12,57,141,206,192,117,45,10,1
1,12,57,142,202,165,73,15,1
1,12,57,142,203,168,75,14
1,12,57,142,204,172,80,16
1,12,57,142,204,173,84,21,2
1,12,57,142,204,173,84,21,2
1,12,57,142,204,173,84,21,2
1,12,57,142,205,176,87,22,2
1,12,57,142,205,177,90,25,3
1,12,57,142,205,178,93,28,4
1,12,57,142,206,180,93,26,3
1,12,57,142,206,180,93,26,3
1,12,57,142,206,181,96,29,4
1,12,57,142,206,182,98,30,4
1,12,57,142,206,182,98,30,4
1,12,57,142,206,184,105,39,9,1
1,12,57,142,207,184,99,30,4
1,12,57,142,207,184,99,30,4
1,12,57,142,207,187,105,32,4
1,12,57,142,208,187,102,31,4
1,12,57,142,208,189,105,32,4
1,12,57,142,208,189,107,35,5
1,12,57,142,208,191,114,44,10,1
1,12,57,142,209,191,108,35,5
1,12,57,142,209,194,117,45,10,1
1,12,57,142,210,196,118,45,10,1
1,12,57,142,210,196,118,45,10,1
1,12,57,142,211,201,121,41,6
1,12,57,142,212,203,127,50,11,1
1,12,57,142,212,207,131,51,11,1
1,12,57,142,214,214,144,64,17,2
1,12,57,143,208,177,82,16
1,12,57,143,209,183,94,26,3
1,12,57,143,210,186,97,27,3
1,12,57,143,210,187,100,30,4
1,12,57,143,211,190,103,31,4
1,12,57,143,211,191,105,32,4
1,12,57,143,211,191,105,32,4
1,12,57,143,212,193,106,32,4
1,12,57,143,212,194,109,35,5
1,12,57,143,212,197,118,45,10,1
1,12,57,143,213,199,119,45,10,1
1,12,57,143,213,199,119,45,10,1
1,12,57,143,214,202,122,46,10,1
1,12,57,143,214,203,121,41,6
1,12,57,143,215,204,121,41,6
1,12,57,143,215,206,128,50,11,1
1,12,57,143,215,208,131,51,11,1
1,12,57,143,216,214,144,64,17,2
1,12,57,143,218,217,141,56,12,1
1,12,57,143,219,220,148,65,17,2
1,12,57,143,219,223,151,66,17,2
1,12,57,144,212,183,86,17
1,12,57,144,215,196,107,32,4
1,12,57,144,215,196,107,32,4
1,12,57,144,215,196,107,32,4
1,12,57,144,215,197,110,35,5
1,12,57,144,217,205,121,41,6
1,12,57,144,217,205,123,46,10,1
1,12,57,144,218,207,122,41,6
1,12,57,144,218,210,131,51,11,1
1,12,57,144,219,212,132,51,11,1
1,12,57,144,221,219,141,56,12,1
1,12,57,144,221,221,148,65,17,2
1,12,57,144,221,223,151,66,17,2
1,12,57,144,223,226,152,66,17,2
1,12,57,144,223,226,152,66,17,2
1,12,57,144,225,233,161,71,18,2
1,12,57,145,219,202,111,33,4
1,12,57,145,221,210,123,41,6
1,12,57,145,222,215,133,51,11,1
1,12,57,145,222,215,133,51,11,1
1,12,57,145,223,220,141,56,12,1
1,12,57,145,224,222,142,56,12,1
1,12,57,145,225,227,152,66,17,2
1,12,57,145,225,227,152,66,17,2
1,12,57,145,227,234,161,71,18,2
1,12,57,145,228,236,162,71,18,2
1,12,57,146,226,221,137,52,11,1
1,12,57,146,228,230,153,66,17,2
1,12,57,146,229,231,146,52,8
1,12,57,146,230,237,162,71,18,2
1,12,57,146,234,251,176,77,19,2
1,12,57,146,240,272,217,121,45,10,1
1,12,57,147,232,233,146,52,8
1,12,57,147,232,236,157,67,17,2
1,12,57,147,233,240,163,71,18,2
1,12,57,147,236,251,176,77,19,2
1,12,57,147,237,252,176,77,19,2
1,12,57,147,241,266,196,92,25,3
1,12,57,147,241,272,217,121,45,10,1
1,12,57,148,235,236,147,52,8
1,12,57,148,239,253,176,77,19,2
1,12,57,148,239,253,176,77,19,2
1,12,57,148,243,267,196,92,25,3
1,12,57,148,249,288,231,127,46,10,1
1,12,57,149,242,256,177,77,19,2
1,12,57,149,245,268,196,92,25,3
1,12,57,149,250,288,231,127,46,10,1
1,12,57,150,250,282,222,122,45,10,1
1,12,57,151,255,292,232,127,46,10,1
1,12,57,151,259,301,231,113,32,4
1,12,57,152,261,301,231,113,32,4
1,12,57,152,267,322,266,148,53,11,1
1,12,57,153,263,302,231,113,32,4
1,12,57,153,268,322,266,148,53,11,1
1,12,57,154,270,323,266,148,53,11,1
1,12,57,158,294,378,336,204,81,19,2
1,12,57,159,295,378,336,204,81,19,2
1,12,57,166,330,462,462,330,165,55,11,1
1,12,58,144,192,128,32
1,12,58,144,193,132,36
1,12,58,144,193,133,40,4
1,12,58,144,194,138,47,6
1,12,58,144,195,144,58,12,1
1,12,58,145,198,140,40
1,12,58,145,199,145,48,4
1,12,58,145,199,146,52,8
1,12,58,145,200,149,53,6
1,12,58,145,200,150,56,8
1,12,58,145,200,150,56,8
1,12,58,145,201,154,60,9
1,12,58,145,201,155,64,12
1,12,58,145,201,155,64,13,1
1,12,58,145,202,161,75,19,2
1,12,58,146,204,153,52,4
1,12,58,146,205,158,60,8
1,12,58,146,205,158,60,8
1,12,58,146,206,162,65,10
1,12,58,146,206,162,65,10
1,12,58,146,206,163,68,12
1,12,58,146,207,166,70,12
1,12,58,146,207,166,70,12
1,12,58,146,207,166,71,14,1
1,12,58,146,207,167,73,15,1
1,12,58,146,207,168,77,19,2
1,12,58,146,208,172,81,20,2
1,12,58,146,208,172,82,21,2
1,12,58,146,209,177,89,25,3
1,12,58,146,209,178,93,28,4
1,12,58,147,211,171,72,12
1,12,58,147,211,171,72,12
1,12,58,147,212,175,77,14
1,12,58,147,212,175,78,16,1
1,12,58,147,212,176,80,16
1,12,58,147,212,176,81,19,2
1,12,58,147,213,178,80,15
1,12,58,147,213,179,83,18,1
1,12,58,147,213,180,86,21,2
1,12,58,147,213,180,86,21,2
1,12,58,147,213,180,86,21,2
1,12,58,147,213,182,93,28,4
1,12,58,147,214,183,89,22,2
1,12,58,147,214,184,92,25,3
1,12,58,147,214,185,94,26,3
1,12,58,147,215,189,100,30,4
1,12,58,147,215,189,100,30,4
1,12,58,147,215,191,105,32,4
1,12,58,147,217,200,119,45,10,1
1,12,58,148,217,184,84,16
1,12,58,148,217,184,84,16
1,12,58,148,217,185,88,21,2
1,12,58,148,218,188,90,20,1
1,12,58,148,218,189,93,23,2
1,12,58,148,218,189,93,23,2
1,12,58,148,219,192,96,24,2
1,12,58,148,219,193,99,27,3
1,12,58,148,219,193,99,27,3
1,12,58,148,219,194,102,30,4
1,12,58,148,219,195,105,32,4
1,12,58,148,220,196,102,28,3
1,12,58,148,220,197,105,31,4
1,12,58,148,220,198,107,32,4
1,12,58,148,220,198,107,32,4
1,12,58,148,221,200,108,32,4
1,12,58,148,221,201,111,35,5
1,12,58,148,221,204,120,45,10,1
1,12,58,148,222,207,121,41,6
1,12,58,148,222,207,123,46,10,1
1,12,58,148,223,213,132,51,11,1
1,12,58,149,222,193,91,18
1,12,58,149,223,198,100,25,2
1,12,58,149,224,202,106,29,3
1,12,58,149,224,203,109,32,4
1,12,58,149,224,203,109,32,4
1,12,58,149,224,203,109,32,4
1,12,58,149,224,203,109,32,4
1,12,58,149,225,206,112,33,4
1,12,58,149,225,206,112,33,4
1,12,58,149,225,206,112,33,4
1,12,58,149,225,207,115,36,5
1,12,58,149,226,210,118,37,5
1,12,58,149,226,212,123,41,6
1,12,58,149,226,212,125,46,10,1
1,12,58,149,227,214,124,41,6
1,12,58,149,227,215,128,47,10,1
1,12,58,149,227,217,133,51,11,1
1,12,58,149,228,219,134,51,11,1
1,12,58,149,229,224,142,56,12,1
1,12,58,149,230,230,153,66,17,2
1,12,58,150,227,203,101,23,1
1,12,58,150,229,212,116,34,4
1,12,58,150,229,212,116,34,4
1,12,58,150,230,216,122,38,5
1,12,58,150,230,217,125,41,6
1,12,58,150,230,218,129,47,10,1
1,12,58,150,231,220,128,42,6
1,12,58,150,231,222,135,51,11,1
1,12,58,150,232,225,138,52,11,1
1,12,58,150,232,225,138,52,11,1
1,12,58,150,233,229,144,56,12,1
1,12,58,150,233,231,146,52,8
1,12,58,150,233,232,153,66,17,2
1,12,58,150,235,237,157,67,17,2
1,12,58,150,236,241,163,71,18,2
1,12,58,151,234,222,126,39,5
1,12,58,151,235,226,132,43,6
1,12,58,151,236,231,142,53,11,1
1,12,58,151,236,232,145,56,12,1
1,12,58,151,237,235,146,52,8
1,12,58,151,237,235,148,57,12,1
1,12,58,151,238,240,158,67,17,2
1,12,58,151,239,244,164,71,18,2
1,12,58,151,240,247,167,72,18,2
1,12,58,151,241,253,176,77,19,2
1,12,58,152,241,240,148,52,8
1,12,58,152,241,241,152,58,12,1
1,12,58,152,242,246,162,68,17,2
1,12,58,152,243,250,168,72,18,2
1,12,58,152,244,255,176,77,19,2
1,12,58,152,245,257,177,77,19,2
1,12,58,152,248,269,196,92,25,3
1,12,58,152,251,282,222,122,45,10,1
1,12,58,153,245,246,152,53,8
1,12,58,153,247,256,172,73,18,2
1,12,58,153,248,260,178,77,19,2
1,12,58,153,248,260,178,77,19,2
1,12,58,153,251,272,197,92,25,3
1,12,58,153,253,283,222,122,45,10,1
1,12,58,153,256,292,232,127,46,10,1
1,12,58,154,252,266,182,78,19,2
1,12,58,154,254,275,198,92,25,3
1,12,58,154,258,293,232,127,46,10,1
1,12,58,155,263,301,231,113,32,4
1,12,58,156,265,302,237,128,46,10,1
1,12,58,156,266,303,231,113,32,4
1,12,58,156,271,323,266,148,53,11,1
1,12,58,157,269,306,232,113,32,4
1,12,58,157,273,324,266,148,53,11,1
1,12,58,158,276,327,267,148,53,11,1
1,12,58,161,296,378,336,204,81,19,2
1,12,58,162,298,379,336,204,81,19,2
1,12,58,168,331,462,462,330,165,55,11,1
1,12,59,152,216,160,48
1,12,59,152,217,166,60,8
1,12,59,153,223,178,68,8
1,12,59,153,224,183,76,12
1,12,59,153,224,184,80,16
1,12,59,153,225,189,88,21,2
1,12,59,154,230,196,88,16
1,12,59,154,230,196,88,16
1,12,59,154,231,200,93,18
1,12,59,154,231,201,97,23,2
1,12,59,154,232,206,105,28,3
1,12,59,154,232,207,109,32,4
1,12,59,155,236,209,100,20
1,12,59,155,237,214,109,27,2
1,12,59,155,237,215,113,32,4
1,12,59,155,238,218,115,31,3
1,12,59,155,238,219,118,34,4
1,12,59,155,238,219,118,34,4
1,12,59,155,239,224,127,41,6
1,12,59,155,240,230,139,52,11,1
1,12,59,156,242,223,116,29,2
1,12,59,156,243,228,125,36,4
1,12,59,156,243,228,125,36,4
1,12,59,156,244,232,131,40,5
1,12,59,156,244,232,131,40,5
1,12,59,156,244,233,134,43,6
1,12,59,156,245,236,137,44,6
1,12,59,156,245,238,144,53,11,1
1,12,59,156,245,239,146,52,8
1,12,59,156,246,242,150,57,12,1
1,12,59,156,247,248,162,68,17,2
1,12,59,157,249,242,141,45,6
1,12,59,157,249,242,141,45,6
1,12,59,157,250,246,147,49,7
1,12,59,157,250,247,150,52,8
1,12,59,157,250,247,151,55,11,1
1,12,59,157,251,251,157,59,12,1
1,12,59,157,251,251,157,59,12,1
1,12,59,157,251,253,164,68,17,2
1,12,59,157,253,260,173,73,18,2
1,12,59,157,253,262,178,77,19,2
1,12,59,158,255,256,157,54,8
1,12,59,158,255,256,157,54,8
1,12,59,158,255,257,161,60,12,1
1,12,59,158,256,261,167,64,13,1
1,12,59,158,257,266,177,74,18,2
1,12,59,158,257,267,180,77,19,2
1,12,59,158,258,270,183,78,19,2
1,12,59,158,258,270,183,78,19,2
1,12,59,158,260,279,199,92,25,3
1,12,59,159,260,266,167,59,9
1,12,59,159,262,276,187,79,19,2
1,12,59,159,262,276,187,79,19,2
1,12,59,159,262,276,187,79,19,2
1,12,59,159,264,285,203,93,25,3
1,12,59,159,268,303,237,128,46,10,1
1,12,59,160,267,286,197,84,20,2
1,12,59,160,268,291,207,94,25,3
1,12,59,160,271,305,231,113,32,4
1,12,59,160,271,306,238,128,46,10,1
1,12,59,161,275,310,233,113,32,4
1,12,59,161,279,328,267,148,53,11,1
1,12,59,162,279,316,237,114,32,4
1,12,59,162,280,322,252,134,47,10,1
1,12,59,162,282,331,268,148,53,11,1
1,12,59,163,286,337,272,149,53,11,1
1,12,59,165,301,380,336,204,81,19,2
1,12,59,166,304,383,337,204,81,19,2
1,12,59,171,334,463,462,330,165,55,11,1
1,12,60,160,240,192,64
1,12,60,161,248,216,96,16
1,12,60,162,255,234,116,24
1,12,60,162,256,240,129,36,4
1,12,60,163,262,253,141,40,4
1,12,60,163,263,258,150,47,6
1,12,60,163,263,259,154,52,8
1,12,60,163,264,264,163,60,12,1
1,12,60,164,269,272,166,56,8
1,12,60,164,269,272,166,56,8
1,12,60,164,270,276,172,60,9
1,12,60,164,270,277,176,66,13,1
1,12,60,164,271,283,189,79,19,2
1,12,60,165,275,286,182,65,10
1,12,60,165,276,291,192,75,15,1
1,12,60,165,276,292,196,81,19,2
1,12,60,165,277,296,202,85,20,2
1,12,60,165,278,301,212,95,25,3
1,12,60,166,281,301,202,80,16,1
1,12,60,166,282,306,212,90,21,2
1,12,60,166,282,306,212,90,21,2
1,12,60,166,283,311,222,100,26,3
1,12,60,166,284,317,235,113,32,4
1,12,60,166,286,326,253,134,47,10,1
1,12,60,167,288,321,232,105,27,3
1,12,60,167,289,326,242,115,32,4
1,12,60,167,290,332,257,135,47,10,1
1,12,60,167,292,341,273,149,53,11,1
1,12,60,168,294,336,252,120,33,4
1,12,60,168,296,347,277,150,53,11,1
1,12,60,169,301,357,287,155,54,11,1
1,12,60,170,310,387,338,204,81,19,2
1,12,60,171,314,393,342,205,81,19,2
1,12,60,175,340,467,463,330,165,55,11,1
1,12,61,170,280,272,144,32
1,12,61,171,288,297,182,60,8
1,12,61,172,295,316,207,76,12
1,12,61,172,296,322,221,92,21,2
1,12,61,173,302,336,237,101,23,2
1,12,61,173,303,341,247,111,28,3
1,12,61,173,303,342,251,117,32,4
1,12,61,174,309,356,267,126,34,4
1,12,61,174,309,356,267,126,34,4
1,12,61,174,311,367,292,156,54,11,1
1,12,61,175,315,371,287,141,40,5
1,12,61,175,316,377,302,161,55,11,1
1,12,61,176,322,392,322,176,61,12,1
1,12,61,176,324,403,347,206,81,19,2
1,12,61,177,329,413,357,211,82,19,2
1,12,61,180,350,477,468,331,165,55,11,1
1,12,62,180,321,360,248,96,16
1,12,62,181,329,386,292,137,36,4
1,12,62,182,336,406,322,162,47,6
1,12,62,182,337,412,337,182,62,12,1
1,12,62,183,343,427,357,197,68,13,1
1,12,62,183,344,433,372,217,83,19,2
1,12,62,184,350,448,392,232,89,20,2
1,12,62,186,365,497,483,337,166,55,11,1
1,12,63,190,363,456,377,198,60,8
1,12,63,191,371,483,427,253,96,21,2
1,12,63,192,378,504,462,288,117,28,3
1,12,63,193,386,532,518,358,173,56,11,1
1,12,64,200,406,560,532,344,145,36,4
1,12,64,201,414,588,588,414,201,64,12,1
1,12,65,210,450,672,714,540,285,100,21,2
1,12,66,220,495,792,924,792,495,220,66,12,1
