1,11,45,84,70,21,1
1,11,45,85,74,24,1
1,11,45,85,74,25,1
1,11,45,85,74,25,2
1,11,45,85,74,26,3
1,11,45,85,75,27,2
1,11,45,85,75,28,3
1,11,45,85,75,28,4
1,11,45,85,76,31,5
1,11,45,86,77,27,2
1,11,45,86,78,28,1
1,11,45,86,78,29,2
1,11,45,86,78,29,3
1,11,45,86,78,30,3
1,11,45,86,78,30,4
1,11,45,86,79,30,2
1,11,45,86,79,31,3
1,11,45,86,79,32,4
1,11,45,86,79,32,4
1,11,45,86,79,32,5
1,11,45,86,79,32,5
1,11,45,86,79,33,5
1,11,45,86,80,33,4
1,11,45,86,80,34,5
1,11,45,86,80,34,5
1,11,45,86,80,34,6
1,11,45,86,80,35,6
1,11,45,86,80,35,6
1,11,45,86,80,36,7
1,11,45,86,80,36,9,1
1,11,45,86,80,37,9,1
1,11,45,86,81,37,7
1,11,45,86,81,38,7
1,11,45,86,81,38,9,1
1,11,45,86,81,39,10,1
1,11,45,86,82,41,10,1
1,11,45,87,81,30,1
1,11,45,87,81,32,4
1,11,45,87,82,33,3
1,11,45,87,82,34,4
1,11,45,87,82,35,6
1,11,45,87,83,35,4
1,11,45,87,83,36,5
1,11,45,87,83,37,6
1,11,45,87,83,37,6
1,11,45,87,83,38,7
1,11,45,87,83,38,9,1
1,11,45,87,83,39,10,1
1,11,45,87,84,38,6
1,11,45,87,84,38,6
1,11,45,87,84,39,7
1,11,45,87,84,39,7
1,11,45,87,84,40,8
1,11,45,87,84,40,10,1
1,11,45,87,84,41,10,1
1,11,45,87,85,40,7
1,11,45,87,85,41,8
1,11,45,87,85,41,8
1,11,45,87,85,42,10,1
1,11,45,87,85,42,10,1
1,11,45,87,85,43,9
1,11,45,87,85,43,11,1
1,11,45,87,85,43,11,1
1,11,45,87,85,44,11,1
1,11,45,87,86,44,11,1
1,11,45,87,86,46,14,2
1,11,45,87,86,47,14,2
1,11,45,87,87,48,13,1
1,11,45,87,87,49,15,2
1,11,45,88,84,33,2
1,11,45,88,85,36,4
1,11,45,88,85,37,6
1,11,45,88,86,38,5
1,11,45,88,86,39,6
1,11,45,88,87,41,7
1,11,45,88,87,42,8
1,11,45,88,87,42,9
1,11,45,88,87,43,10,1
1,11,45,88,87,43,11,1
1,11,45,88,88,43,8
1,11,45,88,88,43,8
1,11,45,88,88,43,8
1,11,45,88,88,44,9
1,11,45,88,88,45,11,1
1,11,45,88,88,45,11,1
1,11,45,88,88,47,14,2
1,11,45,88,89,45,9
1,11,45,88,89,46,10
1,11,45,88,89,46,11,1
1,11,45,88,89,48,13,1
1,11,45,88,89,49,13,1
1,11,45,88,89,49,15,2
1,11,45,88,90,47,10
1,11,45,88,90,48,12,1
1,11,45,88,90,49,13,1
1,11,45,88,90,50,15,2
1,11,45,88,90,50,15,2
1,11,45,88,90,51,16,2
1,11,45,88,90,52,16,2
1,11,45,88,91,51,14,1
1,11,45,88,91,51,15,2
1,11,45,88,91,53,16,2
1,11,45,88,91,54,17,2
1,11,45,88,91,55,19,3
1,11,45,88,92,54,17,2
1,11,45,88,92,55,17,2
1,11,45,88,92,57,20,3
1,11,45,88,93,58,20,3
1,11,45,89,89,43,10,1
1,11,45,89,90,44,8
1,11,45,89,91,46,9
1,11,45,89,91,46,9
1,11,45,89,91,47,11,1
1,11,45,89,91,48,12,1
1,11,45,89,92,48,10
1,11,45,89,92,49,12,1
1,11,45,89,92,51,15,2
1,11,45,89,93,52,14,1
1,11,45,89,93,53,16,2
1,11,45,89,93,53,16,2
1,11,45,89,93,54,17,2
1,11,45,89,94,54,16,2
1,11,45,89,94,54,16,2
1,11,45,89,94,55,17,2
1,11,45,89,94,56,19,3
1,11,45,89,94,58,20,3
1,11,45,89,95,56,17,2
1,11,45,89,95,56,17,2
1,11,45,89,95,56,17,2
1,11,45,89,95,59,20,3
1,11,45,89,96,59,20,3
1,11,45,89,96,60,21,3
1,11,45,89,96,61,21,3
1,11,45,89,97,61,21,3
1,11,45,89,97,67,30,8,1
1,11,45,89,98,68,30,8,1
1,11,45,90,90,37,1
1,11,45,90,93,46,8
1,11,45,90,94,49,10
1,11,45,90,94,51,14,1
1,11,45,90,95,54,16,2
1,11,45,90,96,53,12
1,11,45,90,96,55,16,2
1,11,45,90,96,56,17,2
1,11,45,90,96,56,17,2
1,11,45,90,97,57,17,2
1,11,45,90,98,60,20,3
1,11,45,90,99,61,19,2
1,11,45,90,99,62,21,3
1,11,45,90,99,64,22,3
1,11,45,90,99,68,30,8,1
1,11,45,90,100,65,24,4
1,11,45,90,100,66,25,4
1,11,45,90,102,68,25,4
1,11,45,90,102,70,26,4
1,11,45,90,102,74,34,9,1
1,11,45,90,104,75,34,9,1
1,11,45,91,96,49,9
1,11,45,91,98,54,12
1,11,45,91,99,58,17,2
1,11,45,91,100,60,18,2
1,11,45,91,100,61,19,2
1,11,45,91,100,62,21,3
1,11,45,91,101,62,19,2
1,11,45,91,101,63,21,3
1,11,45,91,101,64,22,3
1,11,45,91,102,65,22,3
1,11,45,91,102,66,24,4
1,11,45,91,103,68,25,4
1,11,45,91,103,70,26,4
1,11,45,91,104,70,26,4
1,11,45,91,104,70,26,4
1,11,45,91,104,72,31,8,1
1,11,45,91,104,75,34,9,1
1,11,45,91,105,71,26,4
1,11,45,91,105,77,35,9,1
1,11,45,91,106,76,30,5
1,11,45,91,106,77,35,9,1
1,11,45,91,107,76,30,5
1,11,45,91,107,78,35,9,1
1,11,45,91,107,80,36,9,1
1,11,45,91,108,80,36,9,1
1,11,45,92,102,61,18,2
1,11,45,92,104,66,22,3
1,11,45,92,106,71,26,4
1,11,45,92,108,76,30,5
1,11,45,92,108,78,35,9,1
1,11,45,92,108,80,36,9,1
1,11,45,92,110,81,36,9,1
1,11,45,92,112,86,40,10,1
1,11,45,93,107,70,25,4
1,11,45,93,108,72,26,4
1,11,45,93,109,76,30,5
1,11,45,93,110,79,35,9,1
1,11,45,93,111,81,36,9,1
1,11,45,93,111,81,36,9,1
1,11,45,93,116,94,49,15,2
1,11,45,93,117,96,50,15,2
1,11,45,93,119,97,50,15,2
1,11,45,94,108,65,16
1,11,45,94,112,77,28,4
1,11,45,94,113,82,36,9,1
1,11,45,94,115,87,40,10,1
1,11,45,94,116,86,35,6
1,11,45,94,116,90,41,10,1
1,11,45,94,119,97,50,15,2
1,11,45,94,120,96,45,11,1
1,11,45,95,114,78,28,4
1,11,45,95,117,86,35,6
1,11,45,95,118,90,41,10,1
1,11,45,95,120,96,45,11,1
1,11,45,95,121,96,45,11,1
1,11,45,95,122,100,51,15,2
1,11,45,95,125,106,55,16,2
1,11,45,95,126,106,55,16,2
1,11,45,96,120,91,41,10,1
1,11,45,96,122,98,50,15,2
1,11,45,96,126,106,55,16,2
1,11,45,96,134,128,84,36,9,1
1,11,45,97,125,101,51,15,2
1,11,45,97,127,106,55,16,2
1,11,45,97,137,131,85,36,9,1
1,11,45,99,130,102,44,8
1,11,45,99,135,116,60,17,2
1,11,45,99,140,126,70,22,3
1,11,45,100,136,116,60,17,2
1,11,45,100,140,126,70,22,3
1,11,45,100,140,132,85,36,9,1
1,11,45,100,146,141,90,37,9,1
1,11,45,102,147,141,90,37,9,1
1,11,45,105,155,146,85,28,4
1,11,45,105,161,161,105,43,10,1
1,11,45,106,161,161,105,43,10,1
1,11,45,112,182,196,140,64,17,2
1,11,45,120,210,252,210,120,45,10,1
1,11,46,91,85,31,2
1,11,46,91,86,34,3
1,11,46,91,86,34,4
1,11,46,91,86,35,5
1,11,46,92,89,35,2
1,11,46,92,89,36,4
1,11,46,92,90,37,3
1,11,46,92,90,38,4
1,11,46,92,90,39,6
1,11,46,92,90,39,6
1,11,46,92,91,40,5
1,11,46,92,91,41,6
1,11,46,92,91,41,6
1,11,46,92,91,42,7
1,11,46,92,91,42,8
1,11,46,92,91,43,10,1
1,11,46,92,92,44,8
1,11,46,92,92,45,9
1,11,46,92,92,45,11,1
1,11,46,92,92,46,11,1
1,11,46,92,93,49,13,1
1,11,46,93,93,40,4
1,11,46,93,94,43,6
1,11,46,93,94,44,8
1,11,46,93,95,45,7
1,11,46,93,95,46,8
1,11,46,93,95,46,8
1,11,46,93,95,46,8
1,11,46,93,95,46,8
1,11,46,93,95,47,10
1,11,46,93,95,47,10,1
1,11,46,93,95,47,11,1
1,11,46,93,96,48,9
1,11,46,93,96,48,9
1,11,46,93,96,49,10
1,11,46,93,96,49,10
1,11,46,93,96,49,11,1
1,11,46,93,96,50,12,1
1,11,46,93,96,51,15,2
1,11,46,93,97,50,10
1,11,46,93,97,51,12,1
1,11,46,93,97,52,13,1
1,11,46,93,97,52,14,1
1,11,46,93,97,53,15,2
1,11,46,93,97,54,16,2
1,11,46,93,98,55,16,2
1,11,46,93,98,56,17,2
1,11,46,93,98,57,17,2
1,11,46,93,98,57,19,3
1,11,46,93,99,60,20,3
1,11,46,94,96,41,2
1,11,46,94,98,48,8
1,11,46,94,98,48,8
1,11,46,94,99,50,9
1,11,46,94,99,51,10
1,11,46,94,99,51,10
1,11,46,94,99,51,11,1
1,11,46,94,99,53,15,2
1,11,46,94,100,53,11
1,11,46,94,100,53,11
1,11,46,94,100,54,12
1,11,46,94,100,54,13,1
1,11,46,94,100,54,13,1
1,11,46,94,100,55,14,1
1,11,46,94,100,56,17,2
1,11,46,94,101,55,12
1,11,46,94,101,55,12
1,11,46,94,101,56,14,1
1,11,46,94,101,56,14,1
1,11,46,94,101,57,16,2
1,11,46,94,101,58,17,2
1,11,46,94,101,58,17,2
1,11,46,94,101,58,17,2
1,11,46,94,101,58,17,2
1,11,46,94,102,59,17,2
1,11,46,94,102,60,18,2
1,11,46,94,102,61,19,2
1,11,46,94,102,61,20,3
1,11,46,94,103,61,18,2
1,11,46,94,103,62,19,2
1,11,46,94,103,63,21,3
1,11,46,94,103,63,21,3
1,11,46,94,103,64,22,3
1,11,46,94,103,65,22,3
1,11,46,94,105,70,26,4
1,11,46,94,105,72,31,8,1
1,11,46,95,102,53,10
1,11,46,95,102,53,10
1,11,46,95,103,56,12
1,11,46,95,104,58,13
1,11,46,95,104,58,13
1,11,46,95,104,59,15,1
1,11,46,95,104,60,17,2
1,11,46,95,104,60,17,2
1,11,46,95,104,60,17,2
1,11,46,95,104,61,19,2
1,11,46,95,105,62,18,2
1,11,46,95,105,62,18,2
1,11,46,95,105,63,19,2
1,11,46,95,105,64,21,3
1,11,46,95,106,64,19,2
1,11,46,95,106,64,19,2
1,11,46,95,106,65,21,3
1,11,46,95,106,66,22,3
1,11,46,95,106,66,22,3
1,11,46,95,106,66,22,3
1,11,46,95,106,67,24,4
1,11,46,95,107,67,22,3
1,11,46,95,107,67,22,3
1,11,46,95,107,70,26,4
1,11,46,95,108,70,25,4
1,11,46,95,108,71,26,4
1,11,46,95,108,72,26,4
1,11,46,95,108,73,31,8,1
1,11,46,95,109,72,26,4
1,11,46,95,109,78,35,9,1
1,11,46,95,110,76,30,5
1,11,46,95,110,79,35,9,1
1,11,46,95,111,81,36,9,1
1,11,46,96,106,59,14,1
1,11,46,96,107,61,14
1,11,46,96,108,65,19,2
1,11,46,96,108,65,19,2
1,11,46,96,108,65,19,2
1,11,46,96,109,67,20,2
1,11,46,96,109,68,22,3
1,11,46,96,110,70,23,3
1,11,46,96,110,70,23,3
1,11,46,96,110,71,25,4
1,11,46,96,110,72,26,4
1,11,46,96,110,72,26,4
1,11,46,96,110,74,31,8,1
1,11,46,96,111,73,26,4
1,11,46,96,111,73,26,4
1,11,46,96,112,75,27,4
1,11,46,96,112,77,30,5
1,11,46,96,112,79,35,9,1
1,11,46,96,113,78,30,5
1,11,46,96,113,81,36,9,1
1,11,46,96,114,82,36,9,1
1,11,46,96,114,82,36,9,1
1,11,46,96,116,87,40,10,1
1,11,46,97,111,66,16
1,11,46,97,112,71,23,3
1,11,46,97,113,73,24,3
1,11,46,97,113,74,26,4
1,11,46,97,114,76,27,4
1,11,46,97,114,77,28,4
1,11,46,97,115,78,28,4
1,11,46,97,115,79,30,5
1,11,46,97,115,82,36,9,1
1,11,46,97,116,83,36,9,1
1,11,46,97,116,83,36,9,1
1,11,46,97,117,85,37,9,1
1,11,46,97,117,86,35,6
1,11,46,97,118,86,35,6
1,11,46,97,118,88,40,10,1
1,11,46,97,118,90,41,10,1
1,11,46,97,119,95,49,15,2
1,11,46,97,121,96,45,11,1
1,11,46,97,122,98,50,15,2
1,11,46,98,114,69,17
1,11,46,98,117,79,28,4
1,11,46,98,117,79,28,4
1,11,46,98,117,79,28,4
1,11,46,98,117,80,30,5
1,11,46,98,119,86,35,6
1,11,46,98,119,86,37,9,1
1,11,46,98,120,87,35,6
1,11,46,98,120,90,41,10,1
1,11,46,98,121,91,41,10,1
1,11,46,98,123,96,45,11,1
1,11,46,98,123,98,50,15,2
1,11,46,98,123,100,51,15,2
1,11,46,98,125,101,51,15,2
1,11,46,98,125,101,51,15,2
1,11,46,98,127,106,55,16,2
1,11,46,99,120,82,29,4
1,11,46,99,122,88,35,6
1,11,46,99,123,92,41,10,1
1,11,46,99,123,92,41,10,1
1,11,46,99,124,96,45,11,1
1,11,46,99,125,97,45,11,1
1,11,46,99,126,101,51,15,2
1,11,46,99,126,101,51,15,2
1,11,46,99,128,106,55,16,2
1,11,46,99,129,107,55,16,2
1,11,46,100,126,95,42,10,1
1,11,46,100,128,102,51,15,2
1,11,46,100,130,107,55,16,2
1,11,46,100,140,132,85,36,9,1
1,11,46,101,131,102,44,8
1,11,46,101,131,105,52,15,2
1,11,46,101,132,108,55,16,2
1,11,46,101,135,116,60,17,2
1,11,46,101,136,116,60,17,2
1,11,46,101,140,126,70,22,3
1,11,46,101,140,132,85,36,9,1
1,11,46,102,133,103,44,8
1,11,46,102,137,116,60,17,2
1,11,46,102,137,116,60,17,2
1,11,46,102,141,126,70,22,3
1,11,46,102,147,141,90,37,9,1
1,11,46,103,139,117,60,17,2
1,11,46,103,142,126,70,22,3
1,11,46,103,147,141,90,37,9,1
1,11,46,104,146,136,86,36,9,1
1,11,46,105,150,142,90,37,9,1
1,11,46,106,155,146,85,28,4
1,11,46,106,161,161,105,43,10,1
1,11,46,107,156,146,85,28,4
1,11,46,107,161,161,105,43,10,1
1,11,46,108,162,161,105,43,10,1
1,11,46,112,182,196,140,64,17,2
1,11,46,113,182,196,140,64,17,2
1,11,46,120,210,252,210,120,45,10,1
1,11,47,98,101,44,4
1,11,47,98,102,47,6
1,11,47,98,102,48,8
1,11,47,98,103,51,9
1,11,47,98,103,52,12,1
1,11,47,99,105,48,4
1,11,47,99,106,52,8
1,11,47,99,107,55,10
1,11,47,99,107,55,10
1,11,47,99,107,56,12
1,11,47,99,108,58,12
1,11,47,99,108,58,12
1,11,47,99,108,58,13,1
1,11,47,99,108,59,14,1
1,11,47,99,108,60,17,2
1,11,47,99,109,63,18,2
1,11,47,99,109,63,19,2
1,11,47,99,110,67,22,3
1,11,47,100,111,60,12
1,11,47,100,111,60,12
1,11,47,100,112,63,14
1,11,47,100,112,63,15,1
1,11,47,100,112,64,17,2
1,11,47,100,113,65,15
1,11,47,100,113,66,17,1
1,11,47,100,113,67,19,2
1,11,47,100,113,67,19,2
1,11,47,100,113,67,19,2
1,11,47,100,113,69,24,4
1,11,47,100,114,69,20,2
1,11,47,100,114,70,22,3
1,11,47,100,114,71,23,3
1,11,47,100,115,74,26,4
1,11,47,100,115,74,26,4
1,11,47,100,117,83,36,9,1
1,11,47,101,116,68,16
1,11,47,101,116,68,16
1,11,47,101,116,69,19,2
1,11,47,101,117,71,19,1
1,11,47,101,117,72,21,2
1,11,47,101,117,72,21,2
1,11,47,101,118,74,22,2
1,11,47,101,118,75,24,3
1,11,47,101,118,75,24,3
1,11,47,101,118,76,26,4
1,11,47,101,118,77,28,4
1,11,47,101,119,77,25,3
1,11,47,101,119,78,27,4
1,11,47,101,119,79,28,4
1,11,47,101,119,79,28,4
1,11,47,101,120,80,28,4
1,11,47,101,120,81,30,5
1,11,47,101,120,84,36,9,1
1,11,47,101,121,86,35,6
1,11,47,101,121,86,37,9,1
1,11,47,101,122,91,41,10,1
1,11,47,102,120,73,18
1,11,47,102,121,77,23,2
1,11,47,102,122,80,26,3
1,11,47,102,122,81,28,4
1,11,47,102,122,81,28,4
1,11,47,102,122,81,28,4
1,11,47,102,122,81,28,4
1,11,47,102,123,83,29,4
1,11,47,102,123,83,29,4
1,11,47,102,123,83,29,4
1,11,47,102,123,84,31,5
1,11,47,102,124,86,32,5
1,11,47,102,124,88,35,6
1,11,47,102,124,88,37,9,1
1,11,47,102,125,89,35,6
1,11,47,102,125,90,38,9,1
1,11,47,102,125,92,41,10,1
1,11,47,102,126,93,41,10,1
1,11,47,102,127,97,45,11,1
1,11,47,102,128,102,51,15,2
1,11,47,103,124,79,22,1
1,11,47,103,126,86,30,4
1,11,47,103,126,86,30,4
1,11,47,103,127,89,33,5
1,11,47,103,127,90,35,6
1,11,47,103,127,91,38,9,1
1,11,47,103,128,92,36,6
1,11,47,103,128,94,41,10,1
1,11,47,103,129,96,42,10,1
1,11,47,103,129,96,42,10,1
1,11,47,103,130,99,45,11,1
1,11,47,103,130,102,51,15,2
1,11,47,103,132,105,52,15,2
1,11,47,103,133,108,55,16,2
1,11,47,104,130,92,34,5
1,11,47,104,131,95,37,6
1,11,47,104,132,99,43,10,1
1,11,47,104,132,100,45,11,1
1,11,47,104,133,102,44,8
1,11,47,104,133,102,46,11,1
1,11,47,104,134,106,52,15,2
1,11,47,104,135,109,55,16,2
1,11,47,104,136,111,56,16,2
1,11,47,104,137,116,60,17,2
1,11,47,105,136,104,44,8
1,11,47,105,136,105,47,11,1
1,11,47,105,137,109,53,15,2
1,11,47,105,138,112,56,16,2
1,11,47,105,139,116,60,17,2
1,11,47,105,140,117,60,17,2
1,11,47,105,143,126,70,22,3
1,11,47,105,146,136,86,36,9,1
1,11,47,106,139,107,45,8
1,11,47,106,141,115,57,16,2
1,11,47,106,142,118,60,17,2
1,11,47,106,142,118,60,17,2
1,11,47,106,145,127,70,22,3
1,11,47,106,147,136,86,36,9,1
1,11,47,106,150,142,90,37,9,1
1,11,47,107,145,121,61,17,2
1,11,47,107,147,128,70,22,3
1,11,47,107,151,142,90,37,9,1
1,11,47,108,155,146,85,28,4
1,11,47,109,156,146,91,37,9,1
1,11,47,109,157,146,85,28,4
1,11,47,109,162,161,105,43,10,1
1,11,47,110,159,147,85,28,4
1,11,47,110,163,161,105,43,10,1
1,11,47,111,165,162,105,43,10,1
1,11,47,114,182,196,140,64,17,2
1,11,47,115,183,196,140,64,17,2
1,11,47,121,210,252,210,120,45,10,1
1,11,48,105,118,60,8
1,11,48,105,119,64,12
1,11,48,105,120,69,19,2
1,11,48,106,124,72,16
1,11,48,106,124,72,16
1,11,48,106,125,75,18
1,11,48,106,125,76,21,2
1,11,48,106,126,80,25,3
1,11,48,106,126,81,28,4
1,11,48,107,129,80,20
1,11,48,107,130,84,25,2
1,11,48,107,130,85,28,4
1,11,48,107,131,87,28,3
1,11,48,107,131,88,30,4
1,11,48,107,131,88,30,4
1,11,48,107,132,92,35,6
1,11,48,107,133,97,42,10,1
1,11,48,108,134,89,27,2
1,11,48,108,135,93,32,4
1,11,48,108,135,93,32,4
1,11,48,108,136,96,35,5
1,11,48,108,136,96,35,5
1,11,48,108,136,97,37,6
1,11,48,108,137,99,38,6
1,11,48,108,137,101,43,10,1
1,11,48,108,137,102,44,8
1,11,48,108,138,104,46,11,1
1,11,48,108,139,109,53,15,2
1,11,48,109,140,102,39,6
1,11,48,109,140,102,39,6
1,11,48,109,141,105,42,7
1,11,48,109,141,106,44,8
1,11,48,109,141,106,45,10,1
1,11,48,109,142,109,48,11,1
1,11,48,109,142,109,48,11,1
1,11,48,109,142,111,53,15,2
1,11,48,109,144,116,57,16,2
1,11,48,109,144,118,60,17,2
1,11,48,110,145,111,46,8
1,11,48,110,145,111,46,8
1,11,48,110,145,112,49,11,1
1,11,48,110,146,115,52,12,1
1,11,48,110,147,119,58,16,2
1,11,48,110,147,120,60,17,2
1,11,48,110,148,122,61,17,2
1,11,48,110,148,122,61,17,2
1,11,48,110,150,129,70,22,3
1,11,48,111,149,117,50,9
1,11,48,111,151,125,62,17,2
1,11,48,111,151,125,62,17,2
1,11,48,111,151,125,62,17,2
1,11,48,111,153,132,71,22,3
1,11,48,111,157,146,91,37,9,1
1,11,48,112,155,131,66,18,2
1,11,48,112,156,135,72,22,3
1,11,48,112,159,146,85,28,4
1,11,48,112,159,147,91,37,9,1
1,11,48,113,162,148,85,28,4
1,11,48,113,166,162,105,43,10,1
1,11,48,114,165,151,86,28,4
1,11,48,114,166,156,96,38,9,1
1,11,48,114,168,163,105,43,10,1
1,11,48,115,171,166,106,43,10,1
1,11,48,117,184,196,140,64,17,2
1,11,48,118,186,197,140,64,17,2
1,11,48,123,211,252,210,120,45,10,1
1,11,49,112,136,80,16
1,11,49,113,142,92,24
1,11,49,113,143,97,32,4
1,11,49,114,148,105,36,4
1,11,49,114,149,109,41,6
1,11,49,114,149,110,44,8
1,11,49,114,150,114,49,11,1
1,11,49,115,154,118,48,8
1,11,49,115,154,118,48,8
1,11,49,115,155,121,51,9
1,11,49,115,155,122,54,12,1
1,11,49,115,156,127,62,17,2
1,11,49,116,159,127,55,10
1,11,49,116,160,131,61,14,1
1,11,49,116,160,132,64,17,2
1,11,49,116,161,135,67,18,2
1,11,49,116,162,139,73,22,3
1,11,49,117,164,137,65,15,1
1,11,49,117,165,141,71,19,2
1,11,49,117,165,141,71,19,2
1,11,49,117,166,145,77,23,3
1,11,49,117,167,150,85,28,4
1,11,49,117,169,157,96,38,9,1
1,11,49,118,170,151,81,24,3
1,11,49,118,171,155,87,28,4
1,11,49,118,172,160,97,38,9,1
1,11,49,118,174,167,106,43,10,1
1,11,49,119,175,161,91,29,4
1,11,49,119,177,170,107,43,10,1
1,11,49,120,181,176,111,44,10,1
1,11,49,121,189,198,140,64,17,2
1,11,49,122,192,201,141,64,17,2
1,11,49,126,214,253,210,120,45,10,1
1,11,50,120,160,112,32
1,11,50,121,167,130,52,8
1,11,50,122,173,143,64,12
1,11,50,122,174,148,73,19,2
1,11,50,123,179,157,80,21,2
1,11,50,123,180,161,86,25,3
1,11,50,123,180,162,89,28,4
1,11,50,124,185,171,96,30,4
1,11,50,124,185,171,96,30,4
1,11,50,124,187,180,112,44,10,1
1,11,50,125,190,181,106,35,5
1,11,50,125,191,186,116,45,10,1
1,11,50,126,196,196,126,50,11,1
1,11,50,126,198,205,142,64,17,2
1,11,50,127,202,211,146,65,17,2
1,11,50,130,220,257,211,120,45,10,1
1,11,51,129,192,168,80,16
1,11,51,130,199,187,105,32,4
1,11,51,131,205,201,121,41,6
1,11,51,131,206,206,131,51,11,1
1,11,51,132,211,216,141,56,12,1
1,11,51,132,212,221,151,66,17,2
1,11,51,133,217,231,161,71,18,2
1,11,51,135,230,267,216,121,45,10,1
1,11,52,138,225,231,146,52,8
1,11,52,139,232,251,176,77,19,2
1,11,52,140,238,266,196,92,25,3
1,11,52,141,245,287,231,127,46,10,1
1,11,53,147,259,301,231,113,32,4
1,11,53,148,266,322,266,148,53,11,1
1,11,54,156,294,378,336,204,81,19,2
1,11,55,165,330,462,462,330,165,55,11,1
