1,10,36,56,35,6
1,10,36,57,38,7
1,10,36,57,38,8
1,10,36,57,38,9,1
1,10,36,57,39,9
1,10,36,57,39,10
1,10,36,57,39,10,1
1,10,36,57,40,12,1
1,10,36,58,40,8
1,10,36,58,41,10
1,10,36,58,41,10,1
1,10,36,58,42,11
1,10,36,58,42,11
1,10,36,58,42,12,1
1,10,36,58,42,12,1
1,10,36,58,42,13,1
1,10,36,58,43,12
1,10,36,58,43,13,1
1,10,36,58,43,13,1
1,10,36,58,43,14,2
1,10,36,58,43,15,2
1,10,36,58,44,15,2
1,10,36,58,44,16,2
1,10,36,58,44,17,3
1,10,36,58,45,18,3
1,10,36,59,43,10
1,10,36,59,45,13
1,10,36,59,45,13
1,10,36,59,45,14,1
1,10,36,59,45,15,2
1,10,36,59,45,15,2
1,10,36,59,46,16,2
1,10,36,59,46,18,3
1,10,36,59,47,17,2
1,10,36,59,47,17,2
1,10,36,59,47,18,3
1,10,36,59,47,19,3
1,10,36,59,47,19,3
1,10,36,59,48,19,3
1,10,36,59,49,22,4
1,10,36,59,49,24,7,1
1,10,36,60,46,13,1
1,10,36,60,47,14
1,10,36,60,48,17,2
1,10,36,60,48,17,2
1,10,36,60,49,18,2
1,10,36,60,49,19,3
1,10,36,60,50,20,3
1,10,36,60,50,20,3
1,10,36,60,50,21,4
1,10,36,60,50,22,4
1,10,36,60,50,24,7,1
1,10,36,60,51,22,4
1,10,36,60,51,22,4
1,10,36,60,52,23,4
1,10,36,60,52,25,5
1,10,36,60,52,27,8,1
1,10,36,60,53,25,5
1,10,36,60,53,28,8,1
1,10,36,60,54,28,8,1
1,10,36,61,51,20,3
1,10,36,61,52,21,3
1,10,36,61,53,23,4
1,10,36,61,54,25,5
1,10,36,61,54,28,8,1
1,10,36,61,55,28,8,1
1,10,36,61,56,29,8,1
1,10,36,61,57,31,9,1
1,10,36,62,52,17
1,10,36,62,55,24,4
1,10,36,62,55,24,4
1,10,36,62,55,25,5
1,10,36,62,57,29,8,1
1,10,36,62,58,29,6
1,10,36,62,58,32,9,1
1,10,36,62,61,35,10,1
1,10,36,62,61,37,13,2
1,10,36,62,63,38,13,2
1,10,36,63,57,25,4
1,10,36,63,59,29,6
1,10,36,63,60,32,9,1
1,10,36,63,60,32,9,1
1,10,36,63,61,35,10,1
1,10,36,63,62,35,10,1
1,10,36,63,63,38,13,2
1,10,36,63,63,38,13,2
1,10,36,63,65,41,14,2
1,10,36,63,66,41,14,2
1,10,36,64,62,33,9,1
1,10,36,64,66,41,14,2
1,10,36,65,66,39,13,2
1,10,36,65,67,41,14,2
1,10,36,65,75,57,28,8,1
1,10,36,66,67,36,8
1,10,36,66,71,45,15,2
1,10,36,66,75,51,19,3
1,10,36,67,72,45,15,2
1,10,36,67,75,51,19,3
1,10,36,67,80,61,29,8,1
1,10,36,68,78,58,28,8,1
1,10,36,69,81,61,29,8,1
1,10,36,71,85,61,24,4
1,10,36,71,90,71,34,9,1
1,10,36,72,90,71,34,9,1
1,10,36,77,105,91,49,15,2
1,10,36,84,126,126,84,36,9,1
1,10,37,62,45,10
1,10,37,62,46,12
1,10,37,62,46,12,1
1,10,37,62,46,13,1
1,10,37,63,48,12
1,10,37,63,49,14
1,10,37,63,49,14,1
1,10,37,63,49,15,2
1,10,37,63,50,15
1,10,37,63,50,16,1
1,10,37,63,50,17,2
1,10,37,63,50,17,2
1,10,37,63,51,18,2
1,10,37,63,51,19,3
1,10,37,63,51,20,3
1,10,37,63,52,22,4
1,10,37,64,52,16
1,10,37,64,52,17,2
1,10,37,64,53,18,1
1,10,37,64,53,19,2
1,10,37,64,53,19,2
1,10,37,64,54,20,2
1,10,37,64,54,21,3
1,10,37,64,54,21,3
1,10,37,64,54,22,4
1,10,37,64,55,22,3
1,10,37,64,55,23,4
1,10,37,64,55,24,4
1,10,37,64,56,24,4
1,10,37,64,56,25,5
1,10,37,64,56,28,8,1
1,10,37,64,57,29,8,1
1,10,37,65,55,18
1,10,37,65,56,21,2
1,10,37,65,57,23,3
1,10,37,65,57,24,4
1,10,37,65,57,24,4
1,10,37,65,57,24,4
1,10,37,65,58,25,4
1,10,37,65,58,25,4
1,10,37,65,58,25,4
1,10,37,65,58,26,5
1,10,37,65,59,27,5
1,10,37,65,59,29,6
1,10,37,65,59,29,8,1
1,10,37,65,60,29,6
1,10,37,65,60,30,8,1
1,10,37,65,60,32,9,1
1,10,37,65,61,32,9,1
1,10,37,65,62,35,10,1
1,10,37,66,58,21,1
1,10,37,66,60,26,4
1,10,37,66,60,26,4
1,10,37,66,61,28,5
1,10,37,66,61,29,6
1,10,37,66,61,30,8,1
1,10,37,66,62,30,6
1,10,37,66,62,32,9,1
1,10,37,66,63,33,9,1
1,10,37,66,63,33,9,1
1,10,37,66,64,35,10,1
1,10,37,66,64,38,13,2
1,10,37,66,66,39,13,2
1,10,37,66,67,41,14,2
1,10,37,67,63,29,5
1,10,37,67,64,31,6
1,10,37,67,65,34,9,1
1,10,37,67,65,35,10,1
1,10,37,67,66,36,10,1
1,10,37,67,67,39,13,2
1,10,37,67,68,41,14,2
1,10,37,67,69,42,14,2
1,10,37,68,68,36,8
1,10,37,68,68,37,10,1
1,10,37,68,69,40,13,2
1,10,37,68,70,42,14,2
1,10,37,68,71,45,15,2
1,10,37,68,72,45,15,2
1,10,37,68,75,51,19,3
1,10,37,68,78,58,28,8,1
1,10,37,69,70,37,8
1,10,37,69,72,43,14,2
1,10,37,69,73,45,15,2
1,10,37,69,73,45,15,2
1,10,37,69,76,51,19,3
1,10,37,69,78,58,28,8,1
1,10,37,69,81,61,29,8,1
1,10,37,70,75,46,15,2
1,10,37,70,77,51,19,3
1,10,37,70,81,61,29,8,1
1,10,37,72,84,62,29,8,1
1,10,37,72,85,61,24,4
1,10,37,72,90,71,34,9,1
1,10,37,73,86,61,24,4
1,10,37,73,90,71,34,9,1
1,10,37,74,91,71,34,9,1
1,10,37,77,105,91,49,15,2
1,10,37,78,105,91,49,15,2
1,10,37,84,126,126,84,36,9,1
1,10,38,68,56,16
1,10,38,68,57,18
1,10,38,68,57,19,2
1,10,38,68,58,22,3
1,10,38,69,60,20
1,10,38,69,61,23,2
1,10,38,69,61,24,4
1,10,38,69,62,25,3
1,10,38,69,62,26,4
1,10,38,69,62,26,4
1,10,38,69,63,29,6
1,10,38,69,64,33,9,1
1,10,38,70,64,25,2
1,10,38,70,65,28,4
1,10,38,70,65,28,4
1,10,38,70,66,30,5
1,10,38,70,66,30,5
1,10,38,70,66,31,6
1,10,38,70,67,32,6
1,10,38,70,67,34,9,1
1,10,38,70,68,36,10,1
1,10,38,70,69,40,13,2
1,10,38,71,69,33,6
1,10,38,71,69,33,6
1,10,38,71,70,35,7
1,10,38,71,70,36,8
1,10,38,71,70,36,9,1
1,10,38,71,71,38,10,1
1,10,38,71,71,38,10,1
1,10,38,71,71,40,13,2
1,10,38,71,73,43,14,2
1,10,38,71,73,45,15,2
1,10,38,72,73,38,8
1,10,38,72,73,38,8
1,10,38,72,73,39,10,1
1,10,38,72,74,41,11,1
1,10,38,72,75,44,14,2
1,10,38,72,75,45,15,2
1,10,38,72,76,46,15,2
1,10,38,72,76,46,15,2
1,10,38,72,78,51,19,3
1,10,38,73,76,41,9
1,10,38,73,78,47,15,2
1,10,38,73,78,47,15,2
1,10,38,73,78,47,15,2
1,10,38,73,80,52,19,3
1,10,38,73,84,62,29,8,1
1,10,38,74,81,50,16,2
1,10,38,74,82,53,19,3
1,10,38,74,85,61,24,4
1,10,38,74,85,62,29,8,1
1,10,38,75,87,61,24,4
1,10,38,75,91,71,34,9,1
1,10,38,76,89,62,24,4
1,10,38,76,90,66,30,8,1
1,10,38,76,92,71,34,9,1
1,10,38,77,94,72,34,9,1
1,10,38,79,105,91,49,15,2
1,10,38,80,106,91,49,15,2
1,10,38,85,126,126,84,36,9,1
1,10,39,74,68,24
1,10,39,74,69,28,4
1,10,39,75,73,32,4
1,10,39,75,74,35,6
1,10,39,75,74,36,8
1,10,39,75,75,39,10,1
1,10,39,76,78,40,8
1,10,39,76,78,40,8
1,10,39,76,79,42,9
1,10,39,76,79,43,11,1
1,10,39,76,80,47,15,2
1,10,39,77,82,45,10
1,10,39,77,83,48,13,1
1,10,39,77,83,49,15,2
1,10,39,77,84,51,16,2
1,10,39,77,85,54,19,3
1,10,39,78,86,51,14,1
1,10,39,78,87,54,17,2
1,10,39,78,87,54,17,2
1,10,39,78,88,57,20,3
1,10,39,78,89,61,24,4
1,10,39,78,91,66,30,8,1
1,10,39,79,91,60,21,3
1,10,39,79,92,63,24,4
1,10,39,79,93,67,30,8,1
1,10,39,79,95,72,34,9,1
1,10,39,80,95,66,25,4
1,10,39,80,97,73,34,9,1
1,10,39,81,100,76,35,9,1
1,10,39,82,107,91,49,15,2
1,10,39,83,109,92,49,15,2
1,10,39,87,127,126,84,36,9,1
1,10,40,80,80,32
1,10,40,81,86,44,8
1,10,40,82,91,52,12
1,10,40,82,92,56,17,2
1,10,40,83,96,61,19,2
1,10,40,83,97,64,22,3
1,10,40,83,97,65,24,4
1,10,40,84,101,70,26,4
1,10,40,84,101,70,26,4
1,10,40,84,103,77,35,9,1
1,10,40,85,105,76,30,5
1,10,40,85,106,80,36,9,1
1,10,40,86,110,86,40,10,1
1,10,40,86,112,93,49,15,2
1,10,40,87,115,96,50,15,2
1,10,40,90,130,127,84,36,9,1
1,10,41,88,104,64,16
1,10,41,89,110,77,28,4
1,10,41,90,115,86,35,6
1,10,41,90,116,90,41,10,1
1,10,41,91,120,96,45,11,1
1,10,41,91,121,100,51,15,2
1,10,41,92,125,106,55,16,2
1,10,41,94,136,131,85,36,9,1
1,10,42,96,129,102,44,8
1,10,42,97,135,116,60,17,2
1,10,42,98,140,126,70,22,3
1,10,42,99,146,141,90,37,9,1
1,10,43,104,155,146,85,28,4
1,10,43,105,161,161,105,43,10,1
1,10,44,112,182,196,140,64,17,2
1,10,45,120,210,252,210,120,45,10,1
