1,9,28,35,15,1
1,9,28,36,17,1
1,9,28,36,17,2
1,9,28,36,18,2
1,9,28,36,18,3
1,9,28,36,19,4
1,9,28,37,19,2
1,9,28,37,20,3
1,9,28,37,20,4
1,9,28,37,21,4
1,9,28,37,21,4
1,9,28,37,21,5
1,9,28,37,22,5
1,9,28,37,22,7,1
1,9,28,37,23,7,1
1,9,28,38,20,1
1,9,28,38,22,4
1,9,28,38,23,5
1,9,28,38,23,7,1
1,9,28,38,24,6
1,9,28,38,24,8,1
1,9,28,38,25,8,1
1,9,28,38,26,9,1
1,9,28,39,24,5
1,9,28,39,25,6
1,9,28,39,26,8,1
1,9,28,39,26,9,1
1,9,28,39,27,9,1
1,9,28,39,28,11,2
1,9,28,39,29,12,2
1,9,28,39,30,12,2
1,9,28,40,28,9,1
1,9,28,40,30,12,2
1,9,28,41,29,8
1,9,28,41,31,12,2
1,9,28,41,32,13,2
1,9,28,41,35,16,3
1,9,28,41,37,21,7,1
1,9,28,42,33,13,2
1,9,28,42,35,16,3
1,9,28,42,39,22,7,1
1,9,28,44,40,22,7,1
1,9,28,45,41,20,4
1,9,28,45,45,26,8,1
1,9,28,46,45,26,8,1
1,9,28,50,55,36,13,2
1,9,28,56,70,56,28,8,1
1,9,29,40,21,2
1,9,29,40,22,3
1,9,29,40,22,4
1,9,29,41,23,2
1,9,29,41,24,4
1,9,29,41,25,5
1,9,29,41,25,5
1,9,29,41,25,6
1,9,29,41,26,6
1,9,29,41,26,8,1
1,9,29,41,27,9,1
1,9,29,42,27,6
1,9,29,42,27,6
1,9,29,42,28,7
1,9,29,42,28,8,1
1,9,29,42,29,9,1
1,9,29,42,29,9,1
1,9,29,42,29,11,2
1,9,29,42,31,12,2
1,9,29,43,30,8
1,9,29,43,30,8
1,9,29,43,30,9,1
1,9,29,43,31,10,1
1,9,29,43,32,12,2
1,9,29,43,32,13,2
1,9,29,43,33,13,2
1,9,29,43,33,13,2
1,9,29,43,35,16,3
1,9,29,44,32,9
1,9,29,44,34,13,2
1,9,29,44,34,13,2
1,9,29,44,34,13,2
1,9,29,44,36,16,3
1,9,29,44,40,22,7,1
1,9,29,45,36,14,2
1,9,29,45,37,16,3
1,9,29,45,40,22,7,1
1,9,29,46,41,20,4
1,9,29,46,45,26,8,1
1,9,29,47,42,20,4
1,9,29,47,43,23,7,1
1,9,29,47,45,26,8,1
1,9,29,48,46,26,8,1
1,9,29,50,55,36,13,2
1,9,29,51,55,36,13,2
1,9,29,56,70,56,28,8,1
1,9,30,45,28,4
1,9,30,45,29,6
1,9,30,45,30,9,1
1,9,30,46,32,8
1,9,30,46,32,8
1,9,30,46,33,9
1,9,30,46,33,10,1
1,9,30,46,34,13,2
1,9,30,47,35,10
1,9,30,47,36,12,1
1,9,30,47,36,13,2
1,9,30,47,37,14,2
1,9,30,47,38,16,3
1,9,30,48,38,13,1
1,9,30,48,39,15,2
1,9,30,48,39,15,2
1,9,30,48,40,17,3
1,9,30,48,41,20,4
1,9,30,48,43,23,7,1
1,9,30,49,42,18,3
1,9,30,49,43,20,4
1,9,30,49,44,23,7,1
1,9,30,49,46,26,8,1
1,9,30,50,45,21,4
1,9,30,50,47,26,8,1
1,9,30,51,49,27,8,1
1,9,30,52,55,36,13,2
1,9,30,53,56,36,13,2
1,9,30,57,70,56,28,8,1
1,9,31,50,36,8
1,9,31,51,40,12
1,9,31,51,41,15,2
1,9,31,52,44,17,2
1,9,31,52,45,19,3
1,9,31,52,45,20,4
1,9,31,53,48,22,4
1,9,31,53,48,22,4
1,9,31,53,50,27,8,1
1,9,31,54,51,25,5
1,9,31,54,52,28,8,1
1,9,31,55,55,31,9,1
1,9,31,55,57,36,13,2
1,9,31,56,59,37,13,2
1,9,31,59,71,56,28,8,1
1,9,32,56,48,16
1,9,32,57,53,24,4
1,9,32,58,57,29,6
1,9,32,58,58,32,9,1
1,9,32,59,61,35,10,1
1,9,32,59,62,38,13,2
1,9,32,60,65,41,14,2
1,9,32,62,74,57,28,8,1
1,9,33,63,66,36,8
1,9,33,64,71,45,15,2
1,9,33,65,75,51,19,3
1,9,33,66,80,61,29,8,1
1,9,34,70,85,61,24,4
1,9,34,71,90,71,34,9,1
1,9,35,77,105,91,49,15,2
1,9,36,84,126,126,84,36,9,1
